	TFAs Ave.(E)	TFAs Ave.(NE)	TTS	p_val	FDR	negLog10_FDR
E4F1	3.159817612746477	0.5074864230005903	10.105517657589132	1.0323371245573335e-16	1.6181884427436202e-14	13.79097090492505
RBL1	1.3178977222239445	0.2111032439486076	10.089033801924167	7.546988494378086e-17	1.6181884427436202e-14	13.79097090492505
DLX4	1.4957135527316803	0.28807140532912284	9.719529116537428	2.6009460192614295e-16	2.3394169487764366e-14	13.630892368009025
ID4	1.4957135527316803	0.28807140532912284	9.719529116537428	2.6009460192614295e-16	2.3394169487764366e-14	13.630892368009025
E2F4	1.0738099702323336	0.30013845936199135	9.463218628356657	1.7363225088051922e-15	1.3608427662760693e-13	12.866192050904994
SOX6	0.8686400045714239	0.12962812127985768	9.450154500869742	2.611789257007186e-16	2.3394169487764366e-14	13.630892368009025
TP53	0.2505966130999469	0.030616155296796142	8.993634696199567	9.842584391362777e-15	6.857000459316068e-13	12.163865821443416
RB1	0.48548115947736337	0.0498560774483259	8.678294254729126	5.760359459398539e-14	2.7782656777252955e-12	11.556226226253896
ZHX2	1.4380532136960003	0.3541430061807622	8.668028145171576	8.00429360485478e-14	3.584780064459962e-12	11.445537484269948
RBL2	1.0906420155383252	0.2311827920274639	8.204011854162685	7.411961665539861e-13	2.7337058613491136e-11	10.563248216053903
MSC	0.6499481982181657	0.07357506387558459	7.674605306729858	1.2893692029619758e-11	3.8496880488436136e-10	9.41457446118106
KLF6	0.4407724121059566	0.049082247721105136	7.54686315796716	4.871480021256187e-12	1.6075884070145415e-10	9.793825134345994
BHLHE41	0.9291061330854853	0.14416557953473275	7.28649711416998	2.1234910012234222e-11	5.788821120726459e-10	9.237409870278022
ETV6	0.8163272040002819	0.1866992879360193	7.2384113551428655	4.8908557237108644e-11	1.2777360578194634e-09	8.893558849206697
ZBTB16	0.664867449906222	0.03946216846570606	7.187502927184124	5.763375827635218e-11	1.4454546575709127e-09	8.839995527151817
E2F7	0.8204565492287925	0.12486131152604564	7.1869950581172795	1.4479914509145976e-10	2.9286794829788797e-09	8.533328155252633
E2F8	0.8204565492287925	0.12486131152604564	7.1869950581172795	1.4479914509145976e-10	2.9286794829788797e-09	8.533328155252633
POLR1A	0.8204565492287925	0.12486131152604564	7.1869950581172795	1.4479914509145976e-10	2.9286794829788797e-09	8.533328155252633
RFX1	0.9322350439427277	-0.060973580266710854	7.023715822170806	2.2708744827564976e-10	4.068109430538069e-09	8.39060737324201
CTBP1	0.5475072836338021	0.04835760667285174	6.941551671928043	2.2690480951812731e-10	4.068109430538069e-09	8.39060737324201
IRF1	0.43746028835948664	0.08311849208730296	6.916354836404984	3.5304859568184093e-10	5.675935115192674e-09	8.245962577850724
MLXIPL	1.9996133527320394	0.5568931324470807	6.642428833917782	6.872894370347773e-10	1.0510499439531838e-08	7.9783766466093216
PIAS1	0.6920111400969109	-0.005699169314227301	6.6249960410747954	1.130755765305414e-09	1.6487996856895224e-08	7.782832104018339
PURA	0.8350096583265448	0.0600976635410366	6.4462379188661405	2.015477397277095e-09	2.8082318402060856e-08	7.551567040856389
KLF2	0.636194243923932	0.12106034153127329	6.416187537352294	3.2461276982673506e-09	4.3304724825821893e-08	7.363464716721993
E2F6	0.35805887165318745	0.028339503581702986	6.352371150974657	6.271334400188151e-09	7.864253337835941e-08	7.104342504655568
YBX1	0.41528393486079196	0.1107112020822231	6.3328773525499455	5.962704021430441e-09	7.629827390687523e-08	7.117485286962534
LMO4	0.21702991143818046	0.03201776636620753	6.193826016199459	1.0154106424180796e-08	1.1575681323566108e-07	6.936453437773762
CBX7	0.9476260302095344	0.23672535395685582	6.181617978255773	9.611268055699548e-09	1.1370311454572862e-07	6.944227638993023
FOXO3	0.7811689920742714	0.2811175517418714	6.178931632237688	1.236024059531135e-08	1.336184629872451e-07	6.8741335282416305
APC	0.681918805523883	0.11418117968998343	6.160399154657788	1.5434283712550928e-08	1.6374711490706983e-07	6.785826343189477
PML	0.23739570761521614	0.06323398016299267	6.095439249400557	8.344501941128002e-09	1.0258828857033839e-07	6.988902215243558
NR4A1	0.3310431753191288	-0.04924620537051316	6.094261211382038	1.1167796125173479e-08	1.2503943161578164e-07	6.90295300913067
IFI16	0.7533668366238775	-0.013224599793089634	6.066534711296937	2.515369584637147e-08	2.503391634234113e-07	6.601471203415362
FHL2	0.7831306991113844	0.1349585069952391	6.044666168149655	1.566958037388228e-08	1.6374711490706983e-07	6.785826343189477
APBB1	1.143720329374296	0.43078176576490496	6.007759662180592	2.0761519678515524e-08	2.0995923932950378e-07	6.677865009325489
ENO1	2.2257742238019937	0.3869944733011271	5.90543001901219	6.966045733728759e-08	5.902311723037746e-07	6.228977857523256
MXI1	2.2257742238019937	0.3869944733011271	5.90543001901219	6.966045733728759e-08	5.902311723037746e-07	6.228977857523256
HEXIM1	1.1190695389028364	0.008356743446611204	5.848630961270518	3.2821035078856896e-08	3.2154357803817616e-07	6.492760159850253
CRX	0.14050220374306435	0.0366867675203472	5.824058386033359	5.8911531698482954e-08	5.130212552076224e-07	6.289864641071123
ECD	0.24000842308221876	-0.0074248578043749035	5.766625115180435	4.368613245098909e-08	4.0281183892309057e-07	6.394897773710744
TCF19	1.1617727107730345	0.33969702048504136	5.764841033977002	7.470510891576466e-08	6.163171485550583e-07	6.210195748188158
SLC2A4RG	0.2300393371949415	0.023295627874105846	5.6382336924645395	1.0031940867217109e-07	7.962059397145731e-07	6.098974586893039
KLF4	0.1317556826746157	-0.006487797938965144	5.6300468865064515	1.0230396179496012e-07	8.01807300568e-07	6.095929993755287
ZNF382	0.5097119017760748	0.12233307349903566	5.596340040117377	1.3419465508896867e-07	1.0387660338368315e-06	5.98348225961879
RUNX2	0.5171168659987033	-0.07881477659019388	5.5824179924050945	1.5465528632776086e-07	1.173013088470498e-06	5.930697142003139
ASCL1	1.072761834084978	0.2040336538825654	5.547337094507738	1.908119067877139e-07	1.4075184183046663e-06	5.851545913410367
BTAF1	0.6350360414772186	0.12731307935364086	5.4823875831093485	2.5920825268766493e-07	1.8261075779232124e-06	5.738473641302146
EGR3	0.37379618002413684	0.034194510873804373	5.434125352221683	2.506298303837913e-07	1.806263260352151e-06	5.7432189515939776
MSX1	0.7988941317014562	-0.16469314124518641	5.3034451598254755	4.916197576052167e-07	3.24469040019443e-06	5.488826736121468
SF1	0.35351380148048206	0.009089319373751742	5.284980383057641	5.516218256210913e-07	3.5656379862311775e-06	5.447862752176673
PKNOX1	0.5458546575809613	0.1680609208301988	5.124366092130922	1.213692190625419e-06	7.609850035221377e-06	5.1186239016417225
FOXP3	0.25107703114238367	0.007027244522624786	5.064115232842952	1.7397176006676792e-06	1.0488489765563797e-05	4.979287041234488
NELFCD	0.5893491893528977	0.07222292885733578	5.022811066630607	1.630604486616769e-06	9.926106923385574e-06	5.003221050921263
RUNX3	0.1913068539756253	0.026151888019355078	4.927123664763255	3.035844648027635e-06	1.8128329469650733e-05	4.741642214411889
DNMT3L	0.25096531434332925	-0.19572912527589742	4.844820084995362	3.296919870395003e-06	1.931933419380997e-05	4.714007844842726
CDX2	0.34809091825426197	0.05707985689945998	4.8294528562229155	4.5390599451947415e-06	2.4964829698571078e-05	4.602671392205431
SPEN	0.46837213090117064	0.02749002902097942	4.824769011257227	4.2503899773844364e-06	2.3794593891250373e-05	4.623521703022992
PRDM1	0.6411245615321964	-0.007141510861685785	4.8239398558635775	5.111027566478128e-06	2.761523905865163e-05	4.558851192838498
NCOA3	0.3243121385066308	-0.03478967286086974	4.780529413060426	4.007785343699124e-06	2.284437645908501e-05	4.641220691583954
ATOH1	1.2807592371871637	0.18214599797384876	4.744871484052896	5.718578715099603e-06	3.0130662641743286e-05	4.520991317099027
EWSR1	0.7119990389989869	0.16809914679593957	4.730125816858794	6.0300759539215485e-06	3.150714685924009e-05	4.5015909227349225
NFIC	0.1439891223593536	-0.030252093641717572	4.727646269507449	5.153082886542649e-06	2.761523905865163e-05	4.558851192838498
ING4	0.4174493156652275	0.14465709267217886	4.711925654407664	6.363791078891738e-06	3.297600831789355e-05	4.481801916018076
HIC1	0.42102443776648657	0.07079974492416305	4.6946664361579025	8.28969296625063e-06	4.1581099918713156e-05	4.3811040267335155
ZNF350	0.5952294308531065	0.16064146513166547	4.677944982980262	7.901329093549811e-06	4.0277506842729523e-05	4.394937419894877
MITF	0.4374354602199948	0.08771131139632835	4.574145209780621	1.0807940898466763e-05	5.294202299483328e-05	4.276199467668087
RUVBL1	0.6668041747305558	0.02809238231882703	4.558919867224349	1.3650216025532733e-05	6.483852612128049e-05	4.188166865888143
PAX2	0.6668041747305558	0.02809238231882703	4.558919867224349	1.3650216025532733e-05	6.483852612128049e-05	4.188166865888143
YEATS4	0.6668041747305558	0.02809238231882703	4.558919867224349	1.3650216025532733e-05	6.483852612128049e-05	4.188166865888143
NFRKB	0.6863852655738596	0.15248124613708666	4.488898282992004	1.6629426104953072e-05	7.781082214780281e-05	4.1089599959124525
NR1H2	0.38981593235853323	0.06875681147100314	4.472517596220531	1.6836695129963423e-05	7.819709515916345e-05	4.106809379673884
GCM1	0.5311741177843781	0.09932655238856772	4.387603882430067	2.319908731700714e-05	0.00010617392516615677	3.973982126822047
SMARCA4	0.23263880553069718	-0.06781006644096471	4.314610210091358	3.312647535156154e-05	0.00014942661903186394	3.825572029904217
FOXQ1	0.6057566416809467	-0.07948595632941725	4.309935464802617	3.351525067099694e-05	0.0001501004440765363	3.823618022881953
FOXF1	0.2044601837016175	-0.013298919341572141	4.30710558687133	3.2893814772585885e-05	0.00014942661903186394	3.825572029904217
RUNX1	0.13593959755898616	0.009536723981297865	4.2826111938121905	3.6814402140306356e-05	0.00016370659675157506	3.7859338198239545
TFDP3	0.7320500035452534	0.18140684586801975	4.276845014171332	3.732056953604573e-05	0.00016478871196549767	3.7830725408124284
TSG101	0.5062710707316904	0.15957811684181852	4.254703537412269	4.198947662365942e-05	0.00018282917946551704	3.7379544898410075
CEBPA	0.22631008730884206	0.008615877566429616	4.168214755711108	5.6093674672702694e-05	0.00022690796141796508	3.6441502659518554
NHLH2	0.2821839639735208	0.05241895766906059	4.166878598913501	5.728996967576869e-05	0.00022879497443762398	3.6405535192058434
KDM4C	0.7310902988994301	0.038060675385244803	4.152825959211887	5.6814895670501276e-05	0.00022835217682951476	3.641394844006443
FOXD3	0.4232999803493941	0.07937292676628278	4.123284063617508	6.033834050562347e-05	0.00023944392086725264	3.6207961845863816
HMGA2	0.24874537513274325	0.007702420549355823	4.068661997626292	7.954695909374548e-05	0.0003117246459486151	3.5062288596534033
FOXO4	0.6917896079834908	0.3086025834460529	4.017162618639837	0.00010514644113830849	0.00039955647632557227	3.3984218255539154
SPI1	0.12821866717708807	-0.028985161628559814	3.9845888435046355	0.00010773502048677285	0.0004069268544891963	3.39048364862882
RBMX	0.5021591681043126	0.07962460198197817	3.978991713671006	0.0001316634596801734	0.0004856058189380513	3.3137161178192382
TFAP4	0.3057296773184818	0.057465400304140844	3.941327952287556	0.00013687159531038857	0.0005018625161380915	3.299415240345655
MEF2D	0.5457710250228154	0.11061387755250517	3.9401115268845164	0.0001267172656524692	0.00047012855363371705	3.327783370787984
KLF10	0.13683232403682816	-0.0898419281900379	3.923409329491368	0.00013849472534949755	0.0005048615860124125	3.296827672714119
HLTF	0.6156023245090682	0.1323458573121602	3.9065742811845805	0.0001554870671821785	0.000552612194424279	3.257579535791673
ETV3	0.428139649060679	0.07884075273133426	3.902796769085554	0.00015600057163173427	0.000552612194424279	3.257579535791673
MECP2	0.24814157677760357	-0.05260568653750039	3.9019958207219316	0.00014919119597396163	0.0005345307421467082	3.272027312418268
CREM	0.20997880988011497	0.027228660832415832	3.8682081467868064	0.00019327385007443862	0.0006586016521558316	3.1813771841597003
BTG2	0.17410076940053462	-0.058080684536895986	3.849052409854225	0.00017216440760824472	0.00060305633279536	3.219642117578797
KAT5	0.40001880578774723	0.16441156567413043	3.8402162868359353	0.00018793805145131878	0.000643918897595502	3.1911688291383213
MED23	0.15161484060867503	-0.0659126381061968	3.8199145390573572	0.00020165252323835306	0.0006797641509163837	3.167641742768148
KDM2A	2.027472576370234	0.9743476707544182	3.781497856659206	0.00024070175006399004	0.0008038382934509053	3.0948313086213566
GLI1	0.19666099166974732	0.0020217522751671633	3.7639236796069735	0.00025970771987463335	0.0008615700548221962	3.0647094040130947
ZBTB7A	0.5507205296187125	0.12109608970826698	3.723990839865841	0.00030827606142646067	0.001001497878312906	2.999349966428291
HDGF	0.350032930260297	0.047391253132238756	3.7164570328796516	0.00030287441457755394	0.0009890742601048246	3.0047711001692305
LHX4	0.16978717771134044	-0.03685639714356572	3.6712162960387134	0.0003612001924946235	0.0011554720443578007	2.937240557435425
NR1H3	0.29625999804167324	0.0448256615091844	3.6634131110173387	0.0003512726184306546	0.0011352986172990743	2.944889891080715
EP300	0.08439819509170073	-0.08473739558878922	3.6336237721975198	0.0004141196354048719	0.0013180355908571303	2.880072862348864
NR2F2	0.47016991734173175	-0.07069405711498904	3.5837474140375485	0.00046304517954512837	0.0014372738988851263	2.8424604612051105
IRF9	0.32393921314623003	0.1329988988978903	3.5787948340596167	0.00048240536781048697	0.0014826870863587026	2.828950494964115
SPDEF	0.41832381786660083	0.07966345364501025	3.5778793754516167	0.0005060527660652248	0.0015181582981956745	2.8186829422425297
CREB5	0.23400771345314786	0.07724867088559322	3.571976687923964	0.000493914559891836	0.001496060043730344	2.825050975898385
KHDRBS1	0.23692991751997866	-0.06019829879990821	3.563199316723489	0.0004823894601075293	0.0014826870863587026	2.828950494964115
XPC	0.179803212649903	-0.0029377655335112714	3.5580051244029662	0.0005164677144561925	0.0015318511049290057	2.814783445832841
TTF2	0.5189605137955754	0.0758415578060075	3.557936145223886	0.0005174026568437471	0.0015318511049290057	2.814783445832841
TCF3	0.24851173965163695	0.09364499554121204	3.5150386807428635	0.0006155714118154413	0.001786867014853156	2.747907768067693
LHX3	0.21933060109785066	0.02610535094758087	3.4042390068671335	0.0008523150525271058	0.002429097899702252	2.614554981512831
KLF14	0.9793732685751266	0.10764402127173611	3.3962135229903625	0.0009194173901359766	0.002585088357019091	2.5875246083495216
NKX3-1	0.24017068908682765	-0.049951704748862576	3.354033253669077	0.0010456613184488266	0.0029010161356965236	2.5374498556080654
NRL	0.0751829189795183	0.004567827268335199	3.348243283518613	0.0010411999739500823	0.0029010161356965236	2.5374498556080654
PLAGL1	0.25539744111303037	0.06521163116364606	3.3440949290782287	0.0010868543896939602	0.0029888495716583903	2.524495942385505
OTX1	0.43791598469294296	0.20233466196990268	3.3080940812576936	0.001229000184466376	0.0033358576435515925	2.4767924909896823
KLF11	0.2425409030487005	-0.02186245552482238	3.29592699197337	0.0012489707097850724	0.003357499785282785	2.4739840064330383
POU1F1	0.13529773140586207	-0.03086199156932756	3.214987713212475	0.0016384361627817118	0.004316384344807283	2.3648798912835582
WT1	0.059995868646783454	-0.00832643962109572	3.208128599258575	0.0016639607113162619	0.004365286050189524	2.359987292405497
SRSF1	0.4146252769139481	0.002796340703855225	3.15521776909503	0.002017880898929032	0.005206630961434169	2.2834432034060286
MDM2	0.45001941300484144	-0.060060327498412426	3.149251446985467	0.0019749472433267575	0.005138140753385382	2.2891940029148845
TAF1	0.5416535017252888	0.16966337810141377	3.1479006167243586	0.0021109496085916805	0.005402307773824423	2.267420677337375
THRA	0.3976487382066131	0.01547504235789807	3.133304718992237	0.0021060407732861747	0.005402307773824423	2.267420677337375
NUPR1	0.3376450493975108	0.0591708465796314	3.130390699047134	0.002164028827364108	0.005493303946385812	2.2601663706516395
FOXA2	0.08697399797000864	-0.0671297712371768	3.1298032449127087	0.002159603702011959	0.005493303946385812	2.2601663706516395
REST	0.09400127266214287	0.006959516147346148	3.1177049671581734	0.002253275570824729	0.005696789447206069	2.2443698317292733
NCOA1	0.481623918857033	0.15110512679401572	3.0963055856830275	0.0024895531858782943	0.006156743151743626	2.210648964015662
PPARG	0.11187811862548734	0.036640050802014094	3.060140691853024	0.002770525845546176	0.006785623848271298	2.168410218541164
NCOA4	0.39402277581921014	0.06133930062684491	3.04661790431238	0.0028029000367160626	0.006838203591521289	2.1650579732443065
NR4A3	0.8452592176523129	0.29099444951758763	3.0415401278193537	0.0030097136872758953	0.007258040315084563	2.139180623822134
MAF	0.14708109732851932	-0.13575190289222305	3.0108257738415634	0.003139996608693874	0.007543210243873789	2.1224437874873217
BRCA1	0.1414785431963273	0.050565455323961776	2.998520230128837	0.003269578521498449	0.007824525698395143	2.1065419787416158
HDAC9	0.06985128600035438	-0.03582181106131784	2.9396422226053684	0.0039011156295938685	0.00916631368796757	2.0378052844878876
MEF2A	0.15921027238540728	0.008473336677614343	2.9394811676001633	0.003870712698090549	0.009158252308312355	2.0381873959034973
DUX4	0.276632658952361	-0.31374373358137403	2.938427153242875	0.0039033584604263815	0.00916631368796757	2.0378052844878876
USF2	0.07835832354231868	0.007409587777885772	2.926230003008055	0.0040367303356712006	0.009409033161583058	2.0264550008194973
SETBP1	1.0743013548958416	0.6268899893802334	2.900049630952122	0.004498010324834494	0.010445379532115657	1.9810757753381505
PDX1	0.14519086100504253	-0.04399082622940119	2.8798506489608635	0.004667697381027602	0.01079943268599375	1.9665990581995076
HOXA11	0.260505592749322	-0.2883532300084143	2.856341724357244	0.005175223674790518	0.011672177137027536	1.9328481302090312
GZF1	0.260505592749322	-0.2883532300084143	2.856341724357244	0.005175223674790518	0.011672177137027536	1.9328481302090312
KLF3	0.09403376033152029	-0.360681952003429	2.8548385882914102	0.004966432653129894	0.011406422247298327	1.9428505555742157
HOXA9	0.0928379317802978	-0.02428227993756303	2.846436366277064	0.005154835367427235	0.011672177137027536	1.9328481302090312
WWTR1	0.056590851220812276	-0.14971879630923599	2.845775236686121	0.005235340136785119	0.01176544181277516	1.9293917596696355
IRF8	0.1392511573285492	-0.00319714163508618	2.8451497586504404	0.005072015951663669	0.011606401466033287	1.9353024112428456
MYOCD	0.5370207456519018	-0.15408567089072955	2.842021777756549	0.005127012570976134	0.011672177137027536	1.9328481302090312
GATA6	0.3809610831789466	0.10331869573592424	2.840093794192698	0.005356306799374673	0.011994301297171144	1.921025045872149
SRCAP	0.4557130353538245	0.017794395468019517	2.813117732513384	0.005728723298965831	0.012647568691730901	1.897992953164015
ZNF224	0.5927415071921623	0.23386152251214115	2.795153659240568	0.005910121417726602	0.012956804646554475	1.887502089165462
TAL1	0.17913553327828743	0.02839830451281761	2.7903628179628157	0.006107294316984924	0.01329608866926926	1.8762760973170378
SUGP1	0.21846495460159418	-0.26031706767362217	2.7877310746248276	0.006043415130424034	0.013202861626396757	1.8793319283501457
ETS2	0.07884321357022893	-0.07410764927531202	2.782964747420938	0.006239717770526842	0.013490700145242517	1.8699655105708777
DDIT3	0.11337875923753103	0.03378654457515176	2.7511310606103385	0.006827945524530725	0.01466137617767385	1.8338252630973964
PAWR	0.29772836650980694	0.05784681526572825	2.74244347151269	0.006952669208448229	0.014878237521150306	1.8274485123502129
STAT1	0.08510995053477143	0.021949809997364966	2.7373921393138003	0.007180624845586123	0.01528530137833804	1.8157259939245574
NPM1	0.16267576226058988	0.01970702730509708	2.7051534154113828	0.007827415735483354	0.016580370493743456	1.7804057692266
HDAC1	0.03774250144004575	-0.02777247526493473	2.7025872267255746	0.00785773063006086	0.016588542441239595	1.7801917717535598
IRF3	0.17386519711944912	-0.020167761151286948	2.674028394740523	0.008496845430369647	0.017758406949472564	1.7505959959946085
EN1	0.3248662122200165	0.06149764660181564	2.6737181076637366	0.008468776086019378	0.017758406949472564	1.7505959959946085
CREBBP	0.14950322809365402	0.032089040721020395	2.6567364955819404	0.00898368009121406	0.018713513013924304	1.7278446764578719
TEF	0.38889257587475085	-0.4351487838615591	2.6113566568033795	0.01006579004729493	0.02068364615177794	1.6843729005869126
ETV4	-0.0051934280141258116	-0.1229647063881185	2.5396445646503967	0.011992114453704834	0.023644829441738777	1.626263814352249
SUPT3H	0.4226280118851577	0.12355992193426639	2.539244654801178	0.0121372986698513	0.0238560697993629	1.6224011032072359
TP63	0.22421801243831105	0.02304817753001432	2.5389211160969887	0.012412540900780835	0.02424005393854456	1.615466418120182
NR5A1	0.0918487874405429	-0.0013848176664614667	2.4864962711500502	0.014226020904205784	0.02727741622916522	1.564196769299978
SOX4	0.169345469943826	-0.04299978360468316	2.4672356775195348	0.014874615080889454	0.028434096511334415	1.5461605668271738
TRIM28	0.2601874569681843	0.11090201102575292	2.467056697576449	0.015071615806456272	0.02872310975880876	1.5417685422160137
REL	0.07814542760916908	-0.04796129018039833	2.4545807622290066	0.0152587412208894	0.02899160831968986	1.53772769133725
EBF3	0.7509744871659817	0.23444255041715753	2.4209066284379106	0.017185509659116815	0.032261420827144435	1.4913165097368764
NFYA	0.18632651494110616	0.0611200097284891	2.376624597800224	0.01920768354965828	0.03552571559184584	1.4494571653509518
MSX2	0.13906013757890998	0.011294770640114714	2.3721181868687204	0.0190639713642741	0.035469169274183567	1.4501489830494259
HSF2	0.10526962432242999	0.028421669354355524	2.3705531996562668	0.019145342547211838	0.035515176855330836	1.4495860183253617
CEBPE	0.45180798568359837	0.19168565639217036	2.3676536783083484	0.019797723780692535	0.03629582693126965	1.4401433045755692
ATF5	0.2605710325879278	0.10772004085435688	2.360204370889615	0.019490152331579257	0.035942133858529984	1.4443961427118877
FOS	0.10610625280028878	0.025049859443797978	2.3380367421294226	0.021085027954155865	0.03820899574351366	1.4178343768308797
UHRF1	0.21692534587811266	0.03410979133077042	2.2929399204617815	0.023666544420598956	0.04239692386204442	1.3726656527988685
GATA3	0.04193353671083265	-0.04991789888171473	2.2929244184146382	0.023504893516243172	0.04234933400771399	1.3731534150628866
CREB3L1	0.2595681402690001	-0.10442950904212091	2.2848351394132154	0.023641195514119976	0.04239692386204442	1.3726656527988685
PTMA	0.5921302411190138	-0.05100834483597507	2.2679295043455894	0.025011648476174507	0.04467892761983309	1.349897259333916
NR1I3	0.36243726340874427	0.20226655549595507	2.260266395268707	0.025569671007332033	0.045545976481810184	1.3415499824435062
VHL	0.15313835822518174	0.041304448125385744	2.2240123470126685	0.02780962057424749	0.04884210672283803	1.311205611754776
GATA4	0.038482241703180375	-0.04172709616649949	2.178062331159538	0.03137282932288333	0.05479321444414443	1.2612732209304136
NR3C1	0.10267311088467203	0.026311191139643985	2.173931734577323	0.031747650324681	0.05517129760726017	1.2582868014864226
ONECUT1	0.14662327599738886	-0.002667651389054492	2.119102995655056	0.035783867343569586	0.06105463627783212	1.214281351646574
ISL1	0.29156332036557725	-0.08510467126590994	2.1187184801016	0.035334569560074025	0.06103243833103695	1.2144392790265173
NCOR2	0.332332516284596	0.10488420578567019	2.1185408597763913	0.035714450208218444	0.06105463627783212	1.214281351646574
KDM4B	0.332332516284596	0.10488420578567019	2.1185408597763913	0.035714450208218444	0.06105463627783212	1.214281351646574
HR	0.10848075209714513	-0.19891824738708913	2.1148976156694586	0.03602905171100141	0.06105463627783212	1.214281351646574
ELF1	0.1611496940141114	-0.0016082402210562897	2.105037730800388	0.037527643129773844	0.06342272841608679	1.1977550787617406
GLI2	0.04674795320149681	-0.07136342562621946	2.102085239270997	0.03773236966529897	0.06359730048425391	1.196561318465959
BTF3	0.08939186920185467	0.020952995096271004	2.049405945406942	0.04179559809737874	0.06951151195505695	1.1579432649848693
TCFL5	0.3585195149591671	0.011037950494321516	2.040084902342162	0.043682990353494384	0.0722671106903456	1.1410593084523744
COPS5	0.11207802451121786	-0.2057589060167383	2.0359279451407604	0.0439530827601891	0.07252258655431201	1.139526714970453
DBP	0.16692179192458947	0.037544239825477124	2.0253440627667154	0.04488264095471072	0.07366862795445975	1.132717418612008
RARB	0.09267456694739441	0.01774239606574379	2.0147610964441798	0.045912969244908	0.07516300709283895	1.1239958531364145
PLAGL2	0.14578874529562377	-0.002455437144011109	2.004425697713246	0.046922731482372436	0.07661602249856124	1.115680398055953
ARNT	0.1585686671377536	0.06181802950745626	1.9890830214656827	0.04886054298132494	0.079161654907728	1.1014851352617285
EPAS1	-0.08638195338211489	-0.214498341460113	1.9859186267720008	0.04930086337809863	0.07966917870636041	1.0987096598663668
FOXO1	0.1369390029607625	0.02916016229035142	1.963978322131866	0.051791886351597226	0.0834794672042454	1.078420331420127
BCL3	0.0660209002358403	-0.04778886092236645	1.9513357684714134	0.05332188108898078	0.08572517805843834	1.066891604145746
ATF6	0.1602892616907514	0.0772531867551115	1.918356559508758	0.057308736170812925	0.09189917539411689	1.0366883854951887
POU5F1	0.06913027009842791	-0.025140056604024328	1.8676046955933665	0.06372387565859466	0.10166633597439911	0.992822828009538
TEAD1	0.20028810341286263	-0.04944292683759706	1.847841174276143	0.0670405175583476	0.10641621394704795	0.9729921963712148
BACH1	0.09494677461986625	-0.04350496718719131	1.8246089288941616	0.070285301974504	0.110172210845035	0.9579279354170301
HMGB2	0.024564670597940423	-0.09520065243859022	1.7648998031358183	0.07982670364912316	0.12419688135980204	0.9058893093545576
NELFB	0.4169173475801563	-0.12017514065400445	1.7628254042650051	0.08011717438645528	0.12434026816907788	0.9053882003085004
NR3C2	0.030216263045570582	-0.06360911143468968	1.7577534502313823	0.08133268410042345	0.1259150442739889	0.8999223774787654
NR5A2	-0.05162016922489327	-0.17721790700070675	1.7317275849237719	0.08578642114331757	0.1321574595991649	0.8789083181825034
NAB2	0.5202743468969087	0.3424537156482262	1.7291914141065485	0.08628077817687858	0.13259325469829136	0.8774785688560057
CUX1	0.12104215497279132	-0.08135185722867386	1.7170106318452418	0.08780896476907134	0.134283465634653	0.8719774588554835
ZNF160	0.600300180032092	0.058917981715868	1.7065626968312477	0.0904134114653029	0.1379299488777249	0.860341424758444
TOP2B	0.172193098100191	0.08800191821636948	1.693280187666848	0.09289919366529945	0.14137814181588046	0.8496177307268686
SP4	0.15067650960025175	0.05298420574212345	1.6850868345087686	0.09464457104455838	0.14368558364391795	0.8425868035983676
PPARD	0.1344280645392317	0.03771743395638045	1.6597877306359288	0.09935139748890148	0.15010440054347282	0.8236065755533089
PROX1	0.10544338779504293	0.023465547886888594	1.6389968682924552	0.10377928876264872	0.1556689331439731	0.807798050953838
LEF1	0.12891341793778674	0.035137906252938694	1.6206730757077805	0.10757034502221308	0.16097042083276275	0.793253920547683
ATF4	0.15743649869279702	0.0813776167752487	1.6096363857270064	0.10990042470530016	0.16367592943045892	0.7860151842665213
SRY	0.14737153547158285	-0.07551807247286305	1.601311899627907	0.11202501523145342	0.16605126371187068	0.7797578149104994
NR1D1	0.13438998875922045	-0.011485569860195265	1.580836786386639	0.11641284420051624	0.17156668046047685	0.7655670515525972
HNF4G	0.0849131827989136	-0.06147823559034359	1.5793590005121227	0.11656683552817088	0.17156668046047685	0.7655670515525972
NFIB	0.30768062253773465	0.13793859100614864	1.554427175793445	0.12273603561511603	0.17980255684737795	0.745204136758452
USF1	0.043420996108951414	0.009507791179503835	1.5529162306099948	0.12326115612017938	0.18015092048333908	0.7443635145027585
SIRT1	0.03344370702720513	-0.009693209229076249	1.548517825522652	0.12403893197586441	0.18086607057876045	0.7426428966142934
HHEX	0.1223455241883562	0.07254669498260616	1.5457427430979698	0.12481559909986908	0.18157628917776777	0.7409408636980105
NFKBIB	0.26436604071463504	0.1646716118534226	1.537793534347267	0.12654255295087083	0.1836624553245278	0.7359796140364129
NFYB	0.018634120406716918	-0.06957412206391253	1.5160350883851506	0.1321935267563109	0.19121142025480886	0.718486172700453
TFPT	0.40405554879258243	0.1733248844622702	1.5011787172155686	0.1357492374656106	0.19566614227801804	0.7084843173872182
LHX2	0.08531171212325932	-0.010776068863921498	1.493326949784566	0.13788005446908608	0.19782790423825392	0.7037124498370791
DNMT1	0.08024492966535879	0.022564695842399094	1.4854740403769844	0.1396720095880344	0.19903261366294905	0.7010757538750543
HOXA7	0.1645060716662565	0.04093397683985617	1.482835642312531	0.14050657000759872	0.19976784443257234	0.6994744165573374
IRF7	0.04838240569995395	-0.028134712516092945	1.4749186931134421	0.14295625769770456	0.2022123171065077	0.6941923943015467
ZNF444	0.10343991263286724	-0.01951800740526614	1.446149477104534	0.15045939765054633	0.21104707455680663	0.675620663469969
CEBPB	0.008151047764368455	-0.03665034089784434	1.4286600019601288	0.15537023479241147	0.21744896699741514	0.662642651132184
SIM2	0.10953961449195117	0.014350832838537473	1.4022151261099876	0.16244191470736316	0.22633573449225936	0.6452468730553306
ATF2	-0.01482078461363716	-0.0854981171761771	1.3966286828859096	0.165207023698378	0.2296780573367694	0.6388804938461432
VDR	0.08113632582567967	0.03379162234096699	1.394333464357974	0.16584079154781678	0.23004906261168392	0.6381795320292762
NFYC	0.04175265356008526	-0.04483480219966029	1.3821463772340632	0.16949503943974706	0.2345990943238883	0.6296736688227782
ZBTB2	0.024481841630944724	-0.06181229605116569	1.3609775215390014	0.1759635650172955	0.24248165992493248	0.6153211036374192
SIN3A	0.15690319087635124	0.04959633258817896	1.3426585162632938	0.1818596128936891	0.2500569677288225	0.601961039520557
CIITA	0.2461558723241827	0.1763628203372031	1.3308995011270415	0.1854782466099558	0.2544745309068759	0.5943556775319732
HNF1A	0.038320939509823994	-0.07426480092243629	1.3242166864875613	0.18793123717114854	0.25671652659326827	0.590546171931491
NKX2-2	0.031823734578891316	-0.04034203769371132	1.3087901794576322	0.1927705131517524	0.2621846241781968	0.5813927811065182
PAX5	0.03429495152101125	-0.0070824811717554335	1.3069236435371974	0.19350280945445597	0.2624700823838111	0.5809201924336442
HIF1A	0.011137362578160646	-0.020051203055940943	1.3061447366447425	0.19424771779613145	0.2624856014184793	0.5808945147190074
NFATC1	0.05993929583045869	0.01749736335098821	1.3048163000962731	0.19381762064386687	0.2624700823838111	0.5809201924336442
CHD4	0.31690489179273146	0.12091737536610304	1.2784450903321107	0.20339705005168665	0.2736694214214754	0.5627737259724833
NFE2L1	0.2792294842869651	0.008566524631367953	1.2117746569968013	0.22793642336577072	0.3034312897034782	0.5179396369807524
ING2	0.11347047328585952	0.0018062690458381214	1.1718769607579793	0.24322084634192112	0.3221894447437131	0.4918886916158988
PLAG1	0.029620550357403703	-0.09146621559341077	1.1709248259000558	0.2435690539210845	0.3221894447437131	0.4918886916158988
CRTC1	0.3570948476508091	0.22342401119848476	1.159224588246683	0.24822154590624126	0.3276524405962385	0.48458659275123844
ID3	0.16866413957377052	0.10257975403561945	1.1561129842658018	0.24991964792391302	0.32782347123073946	0.4843599553992149
LDB1	0.16866413957377052	0.10257975403561945	1.1561129842658018	0.24991964792391302	0.32782347123073946	0.4843599553992149
RXRA	0.005522898939927282	-0.053841619450557265	1.147448935298559	0.2533601707979599	0.33152285072282656	0.4794865318118123
CEBPG	0.3987968742789539	0.24555712962781978	1.1340270181062513	0.2583396933924088	0.3360559911971791	0.4735883576038326
LYL1	0.06974980626866725	-0.013451439689672058	1.1277556297516078	0.26143458770533584	0.3380025838630154	0.47107997974258076
PAX8	0.04328555177038672	-0.004688754475038951	1.1246654708410988	0.2625731362317632	0.338465831675237	0.47048516704939497
HBP1	0.07351821727317552	-0.01621193475942129	1.1225352031374505	0.26410365570247757	0.339329901896421	0.46937786845266816
AES	0.06626759614232232	-0.06744519172048802	1.1186774367273484	0.2649298801825693	0.3396953678414539	0.46891037522185297
ERF	0.12770955262392045	0.04863781698014853	1.1099514103201462	0.26901058582220505	0.34372641045288604	0.4637870972683832
TWIST2	0.011259541047320921	-0.041847098667082985	1.1095305137819043	0.26917012365608783	0.34372641045288604	0.4637870972683832
HLF	0.026688114226149872	-0.009085694582974665	1.0310482672652421	0.30446825210640216	0.3818031881414283	0.41816044947182035
TP73	0.17072603080590756	0.08870072304292789	0.9955194580347415	0.3215951490860238	0.4008750665545466	0.39699095496055353
SOX2	0.047911102265658374	0.015452742605376123	0.9592229467622894	0.3393113382144397	0.4187956871268773	0.37799779945413825
TBP	0.08131801761738841	0.02715140266731327	0.9341002026995332	0.35194342699729486	0.43268338966138015	0.3638297766683169
ABL1	-0.000588422819756374	-0.034419175439272816	0.9247511258743553	0.3565709842649253	0.4375146910647909	0.35900735946166484
DLX3	-0.23509770456438245	-0.39468411961246497	0.9174038945134091	0.3605753109576191	0.44156390619224056	0.35500643342691274
TRPS1	0.05809661502572919	0.030636780524124337	0.9117691564267698	0.36364449337699356	0.4444543807941032	0.3521728087907858
NFATC2	0.09880100287691855	0.06322623231513547	0.9054878388908479	0.36656991478722756	0.44715824235718227	0.34953875959523734
IRF5	0.04390977952160516	0.01353478833162677	0.8904381185174282	0.3746993279136388	0.4544225891718598	0.34254008814903797
MEF2C	0.008256005742254238	-0.01519641705920236	0.862629450661025	0.3898501225388863	0.4709750035296372	0.3270021419522524
HAX1	0.0472953107657006	-0.020801403524170044	0.8482656894706267	0.3980167327372822	0.4799163296659153	0.3188344724823681
PPARGC1A	0.011292510034684579	-0.056674170027406205	0.8326763637747694	0.4066346692794388	0.48842899930691214	0.31119855876260333
HOPX	-0.06470516750149571	-0.16348163205974384	0.816764295472451	0.4155613418554813	0.49724610943394426	0.3034286062085134
LMX1B	-0.1269716929973305	-0.1849577059149242	0.8089806402119992	0.41979154199408564	0.501351041581508	0.29985807845344414
BACH2	0.14026771554795353	-0.012421712955449634	0.779256162137345	0.43778146819270525	0.5198654934788375	0.2841090082811227
FUS	0.15128136209270737	0.09402030353325258	0.766450628611846	0.44484791745803753	0.5266462986215675	0.27848096377912424
HOXA5	0.0417232565763026	-0.01628949256478341	0.7658977736929541	0.4451715123914367	0.5266462986215675	0.27848096377912424
ERG	0.0003570942152127209	-0.031079757183766987	0.7569799668472985	0.45036321029073045	0.5313856354400601	0.2745901897327338
CTNNB1	0.03912677921602831	-0.0013369284935855373	0.7495321256622826	0.4551775039605148	0.535452711037979	0.2712788782254404
ESRRG	0.025359953379949285	-0.03782389844861573	0.7349691084687572	0.46347474477523687	0.5437870445856828	0.26457114344210425
KAT2B	0.0676849457409102	0.036456716112214634	0.734299173307432	0.46399692002127646	0.5437870445856828	0.26457114344210425
ETV5	0.1249269987932489	0.05867134163635102	0.7286437858349385	0.46696045724884416	0.5452219863966952	0.2634266393042878
RARG	0.1249269987932489	0.05867134163635102	0.7286437858349385	0.46696045724884416	0.5452219863966952	0.2634266393042878
PAX3	0.07211721715949418	0.028576709929179173	0.6988164432068031	0.48601094093807085	0.5632696117711098	0.24928367819144565
MBD1	0.09633913687431615	0.05180742818348467	0.6906398972668963	0.4910896888933016	0.5681055995130998	0.24557093009317638
CLOCK	-0.0018350612095779828	-0.033945963539447774	0.6402503683097945	0.5230017687484592	0.5994919725873563	0.22221662788515947
ELF4	0.11783466281607581	0.0417777992020762	0.6370013659096496	0.5251751820210093	0.6008847429327971	0.22120882301990608
ATF1	0.04591390908751165	0.02161136981367507	0.6202373886159434	0.5361002772558237	0.6122675297621155	0.2130587717892504
TFAP2A	-0.011052115007571322	-0.023295760117222616	0.5361470491742163	0.592511792262678	0.6669746745937147	0.17589065617792202
PITX3	0.09960822860357989	0.06924203094081721	0.529388240931893	0.5974529155935365	0.6701305511219094	0.1738405822115115
TFAP2C	0.005212511894564725	-0.031227042418776052	0.48639063628832824	0.6275173303590862	0.6988514496183784	0.15561512964382668
DAXX	0.14004934640921388	0.11479469511551899	0.4822362439573863	0.6305104603195799	0.7001933299830805	0.15478203062516996
CREB3	0.12427224286183425	0.0197605093150084	0.4800205687588043	0.6320724477997186	0.7001933299830805	0.15478203062516996
ZIC1	0.1570365150844974	0.1253739156043381	0.4739600788768767	0.6364078929332332	0.7037526435081786	0.15257996079586048
ELK3	0.09438920641257792	0.06337373532370848	0.45568246080202734	0.649242991641985	0.7154224178550519	0.14543745529942706
PHOX2B	-0.05136985592839631	-0.07850854637448373	0.4479351242379919	0.6548468037360837	0.7203314841096922	0.14246760274894404
ONECUT2	0.23015131011417767	0.171594805518368	0.44539525031014904	0.6566320418050755	0.7210302805810549	0.14204649615003398
DACH1	0.07290982247039536	0.022048867992950485	0.40754387066036113	0.6844253206253016	0.7489261361816127	0.1255610130489784
TBX5	-0.16001930833598982	-0.1852492770010923	0.39631763544489423	0.6923761158652435	0.7563063147169123	0.12130227348295966
PA2G4	0.14734071246399144	0.08693160075733113	0.3817566109039652	0.703290270070168	0.7668921727547745	0.11526569481187483
NR2F1	0.08899852712158775	0.06669835298445104	0.3576400540982556	0.7211625630325702	0.7836549861723077	0.10587509877045816
HDAC5	0.0009372682376697123	-0.0140272761286607	0.3527383639287954	0.7248093260404633	0.7859543980846095	0.10460265146027528
TBPL1	-0.06696473599836762	-0.08383906141648981	0.3500371385231285	0.7268967139363198	0.7859543980846095	0.10460265146027528
TRRAP	-0.2477425108237598	-0.2865487414049365	0.349714572837183	0.7270391561229242	0.7859543980846095	0.10460265146027528
SOX11	-0.0012790182193113512	-0.023309013528952212	0.34268147413703404	0.732312509471477	0.7902925016155181	0.10221213867630444
KLF13	0.08283394287461006	0.058086209859552936	0.32404712404724145	0.746407617055532	0.8027402673993458	0.09542495121195134
FOXL1	0.08527999193527892	0.02183520135637112	0.3143267132776593	0.7538464565019136	0.8093522743607874	0.09186240853458619
SMARCA1	-0.4237443574667435	-0.4543546091508946	0.2606647568328121	0.7946633691467522	0.8430692596531533	0.07413674583833746
SMARCB1	-0.4237443574667435	-0.4543546091508946	0.2606647568328121	0.7946633691467522	0.8430692596531533	0.07413674583833746
ARNTL	0.06933421759556706	0.04995832057149598	0.25347664788160484	0.8003115031024003	0.8476272169682517	0.07179510671660731
ZFHX3	0.12593858983848416	0.10571175735339923	0.24370111099436545	0.8079108779401546	0.8513615470058435	0.06988596926377713
ID2	-0.02810045726029993	-0.041510385047725196	0.20264243908816446	0.8397055497153687	0.8760322457097107	0.05747990767204317
PIAS2	0.0778781629775731	0.06622567429264148	0.17576559482098086	0.8607037017182739	0.892002018144393	0.04963416303645312
NFATC3	0.2325144417163652	0.20628235782000434	0.14806324913271057	0.8825087493384133	0.9100871477552387	0.040917018693141606
IKBKB	0.007314840218807558	-0.005417511560336229	0.13989197181729496	0.8889152674347355	0.9136774260349272	0.03920710494439092
NR2F6	-0.029727874151032865	-0.038407611946476274	0.1377118927508515	0.8907025717946468	0.9136774260349272	0.03920710494439092
TAF4	-0.03628333737020888	-0.03946681882555185	0.0931072611170214	0.9259438548102215	0.9424785665032612	0.025728517573315828
NKX2-1	0.08109923552843289	0.076424562156114	0.0709069073261713	0.9435802908788362	0.9588733263874073	0.018238762260648515
ZMYND11	0.21707987964459527	0.20666308282873416	0.06663932396293835	0.9469540504181009	0.9591925518774624	0.01809420218931324
GBX2	0.21707987964459527	0.20666308282873416	0.06663932396293835	0.9469540504181009	0.9591925518774624	0.01809420218931324
PARP1	0.014246871277571826	0.011738969877371823	0.06340062424402394	0.9495482787349685	0.9602689851077827	0.017607097809188517
HINFP	0.05746738223056667	0.05521582529029253	0.053570510974457405	0.9573440992413733	0.966593800683319	0.01475599456612221
ETS1	-0.048616983542344526	-0.04962168837617478	0.03218124907762834	0.974382862874307	0.9817540532752552	0.007997297023224673
HOXC9	0.07952099099843125	0.07888894927247869	0.014968724707508757	0.988080265869764	0.9912421227205472	0.0038202509455549927
HOXC10	0.07952099099843125	0.07888894927247869	0.014968724707508757	0.988080265869764	0.9912421227205472	0.0038202509455549927
SIRT2	-0.15482123886271926	-0.1544598922431798	-0.003659065850739683	0.9970865386904739	0.9970865386904739	0.0012671469594161832
NANOG	0.03148331482551917	0.031656508475315204	-0.0053746267238772944	0.9957194686369041	0.9970865386904739	0.0012671469594161832
RARA	-0.07519674660669264	-0.07376965002253892	-0.030784372728290006	0.9754908695223031	0.9817540532752552	0.007997297023224673
TFCP2	0.043124729107753	0.059129367408937934	-0.10395927073686584	0.917358212333647	0.9352578847694255	0.02906862175855385
ELF3	-0.02988297153136679	-0.019378808896398664	-0.10892253986559734	0.913419694233243	0.9327591991600055	0.030230459119373672
MAZ	-0.06575090991183775	-0.05810464684103462	-0.1128687528249319	0.9103153581485259	0.9311055947130925	0.03100106380843343
PHOX2A	0.06857939752046437	0.07567649762702591	-0.136262168931838	0.8918191144072973	0.9136774260349272	0.03920710494439092
ID1	-0.03929875605092502	-0.026212740941296657	-0.14435884968995308	0.8854152115774815	0.9115851193088357	0.04020277284533356
FOXA1	-0.0713780737276149	-0.06615825359618449	-0.16039237406031354	0.8727501080950952	0.9015062895809304	0.04503123896846451
LMO3	-0.07122827632083172	-0.06483307513976606	-0.16171250001495957	0.8718129842315145	0.9015062895809304	0.04503123896846451
PCBD1	-0.24084297229268942	-0.19796059261434637	-0.18584057653089125	0.8528375794834426	0.8853131826756929	0.052903068909616824
HSF4	0.021281439855587485	0.03544784241512973	-0.18598610899778714	0.8527375450511757	0.8853131826756929	0.052903068909616824
EAF1	-0.08324771859567215	-0.07619627962964882	-0.18999375437670132	0.8496325766898303	0.884916321568976	0.05309779461179654
PAX6	-0.07097530116430117	-0.05757685641783257	-0.22641230005878726	0.8211516322234224	0.8581034556734763	0.0664603490749098
ELL	-0.06984170664482547	-0.050893510965400464	-0.22860179328276406	0.8196230184791335	0.8579359475566223	0.06654513483322962
FOXP2	0.010798280468777538	0.025695742342720974	-0.23225524042816936	0.8166573508451505	0.8562611354179086	0.06739376759399326
RELA	-0.041110004582127456	-0.038184491302904584	-0.2358563643731966	0.8139086184927462	0.8548085490702712	0.06813114304110122
HAND2	0.0014583139708614684	0.013754660606772077	-0.23856994538626003	0.8117777996706107	0.8540011415997867	0.06854154876046037
SPIC	-0.10965884859689463	-0.09899278008189545	-0.24452127885291017	0.8071768705490607	0.8513615470058435	0.06988596926377713
STAT6	-0.12563024050476282	-0.11568719597291609	-0.24907808407792933	0.8037358399281216	0.8498185019138823	0.07067381785507978
SKIL	0.01775331414755812	0.04128097791067867	-0.26367548559612636	0.7924687385130806	0.8430692596531533	0.07413674583833746
MTA1	-0.07033687638652719	-0.06223800329696375	-0.26416589928893885	0.7920404819216653	0.8430692596531533	0.07413674583833746
MLLT3	-0.06775270185779982	-0.04408741779780006	-0.2739927887964502	0.7846247715110101	0.8380915361795628	0.07670854522812856
ELK4	-0.0014880207364349816	0.06271735245798499	-0.2771596723639988	0.7821690251765325	0.8368941617503172	0.07732946180862849
RB1CC1	-0.12928484484308791	-0.10978872312744749	-0.31056094531260436	0.7566690856793599	0.8109940456768524	0.09098233436982966
MYOG	-0.013023086888728282	0.0023100514340419214	-0.3336545430542214	0.739254421361218	0.7964132683736833	0.09886151316814247
PIAS4	-0.4248944592266242	-0.3695246812061357	-0.3757505870683768	0.7076959293009588	0.7703565063744812	0.11330824506158496
NCOA6	-0.16936875298940998	-0.11117887080340494	-0.4409820581608216	0.6600972053707028	0.7235680905025013	0.14052059386342952
HMGA1	-0.01218408916129465	0.009117403732196043	-0.464127161759891	0.6434427953014575	0.7102792828415737	0.14857085248097832
GTF3A	0.02755631150007394	0.11843214230931065	-0.48006828312796895	0.631983661609868	0.7001933299830805	0.15478203062516996
GATA2	-0.059478991900600665	-0.03866284964250852	-0.5102255736078292	0.6108950415216035	0.6815501619822871	0.16650217464897007
ZEB2	-0.12161594154398102	-0.0821392103294328	-0.5169064435689221	0.6060228961475345	0.677319707459009	0.16920628787188519
DR1	-0.22639331036797516	-0.17834054866378432	-0.520749474053567	0.6036348856953266	0.6758554880910176	0.17014615529199417
RBPJ	-0.006027361331863579	0.04175965512892123	-0.5327139165949599	0.5950877887222574	0.6686739131341495	0.1747856195290991
BARD1	-0.09568719715310837	-0.06042287893803489	-0.5553578063100044	0.5795747016569501	0.6535851401778916	0.1846978304231724
GFI1	0.0031258752161309835	0.05898069238027399	-0.5566674880329305	0.578704105199886	0.6535851401778916	0.1846978304231724
ZNF175	-0.13516577112123093	-0.08406542727635373	-0.5576384270858861	0.5781164618428243	0.6535851401778916	0.1846978304231724
ESRRA	0.07165904726055654	0.12039778371472634	-0.5604092564513586	0.5763394528436461	0.6534626345984921	0.18477924060314913
STAT3	-0.037070304896739216	-0.028525455267930894	-0.5923239181714757	0.5546420145596536	0.6300009839291717	0.20065877226915455
NFIX	-0.19056679881869135	-0.08656106861747705	-0.6049868757324476	0.5463521161440845	0.6217110287156824	0.20641142848534258
HNF1B	-0.17414816600576816	-0.10918868296885789	-0.6111712470879288	0.5420270682424894	0.617910857796438	0.20907417338932416
KLF15	-0.015837875176868323	0.013976738681490646	-0.6435532595778101	0.5210653785128541	0.5983662863142115	0.2230328838604596
ESR2	0.05234352644682772	0.09260572846768562	-0.6573887184116279	0.5119479919371616	0.5889750292561474	0.22990311758327375
ZNRD1	-0.023503192374460625	0.025852773211798512	-0.6636883205808717	0.507929077198462	0.5854256091974921	0.23252828345690554
BRD7	0.07649116001216233	0.1277096101020703	-0.6715866640721743	0.5031801193256733	0.5810201377848935	0.23580881498093506
CREG1	-0.022708315372377823	0.02173163250626095	-0.6997550244822621	0.48512678456077785	0.5632696117711098	0.24928367819144565
DEK	-0.06126758780154294	-0.019296555092563755	-0.7022206491746705	0.48333248297162157	0.5622439087629068	0.2500752409256558
HDAC7	-0.0118089555769271	0.01636000470106997	-0.7047598396213856	0.4820951090691592	0.5618469022051353	0.2503820093162629
VEZF1	-0.1150714484166043	-0.08231823943098492	-0.7560107452245146	0.45087266037338436	0.5313856354400601	0.2745901897327338
FOXE1	0.3702966534497543	0.5521947613451735	-0.7863237558612829	0.43301008271449903	0.5151751837988442	0.28804506528877005
GTF2I	-0.11951505141212297	-0.05977227700401128	-0.790689699347983	0.43051672720801715	0.5131824866148798	0.2897281732174134
MTA3	-0.02283667486196569	0.03363613416605727	-0.8284184071637428	0.4088662918563488	0.490170487560097	0.30965284052506414
NR2C2	-0.021209257971232926	0.030533361064808286	-0.8346618461000814	0.4055866427179855	0.488105230295925	0.311486538632172
OTX2	0.06785033180360879	0.09861147436392538	-0.8668295561066246	0.38722911520058034	0.46871168963467924	0.32909421507264386
FOXL2	0.18136784082558682	0.25700435222164414	-0.8933159032336998	0.3734101933796231	0.45373680474616995	0.3431959916180942
PBX2	-0.02648201248791258	0.09846038376420375	-0.9029821782888502	0.36806783214191485	0.44811365194753516	0.34861182494398246
CTCFL	-0.1262962028782143	0.010234005655486506	-0.9488068256176401	0.3442938013562912	0.42411043899881057	0.37252103774122214
ING1	0.016992665104157333	0.07534976503812049	-0.9669987362696288	0.3353152962350091	0.41467986339122426	0.38228705320700557
HOXD9	-0.1089066091272905	-0.07568740297467025	-0.9703509426033885	0.33363239734004313	0.4134140575735317	0.3836147598741529
YY1	-0.008060699574465478	0.009238020452185395	-0.9760728685250968	0.3309905074495403	0.41095257063536983	0.38620829856177064
ATF7	-0.23140155416450447	-0.15578749303190184	-0.9929500819942004	0.3223313761556723	0.4009955810508066	0.39686041325469246
SHOX	-0.18912100393023226	-0.08785277004320846	-1.010977640368594	0.3140148983032096	0.3922058590360805	0.40648592283541257
ERCC2	-0.026506077418263423	0.03891154821966583	-1.0148548677742049	0.31201414359865276	0.3904847665396313	0.40839590400645953
NFKB1	-0.05123654305778592	-0.03708690309156125	-1.0334564557271748	0.30346253070153195	0.3813046227452115	0.41872792952683613
PCGF2	-0.02433412348593963	0.02199528584023099	-1.0385480502650954	0.3005303488737847	0.3783785717748253	0.4220734664125737
SP3	-0.0026587986254838626	0.017360064612210166	-1.0416575422960401	0.29981588627988504	0.3782385527112433	0.42223420691236196
HDAC3	0.09612449281522917	0.14903219014325678	-1.0431803840028906	0.29913521855845465	0.37814068958901426	0.42234658814078857
LRRFIP1	0.012930017625138198	0.08155307805111695	-1.0611647121396877	0.2905064793779166	0.3679748738786944	0.4341818348818582
TRIB3	-0.1570022085918617	-0.0030112317501101264	-1.063001194858493	0.28987252740830255	0.3679151309413071	0.434252350931613
SIX1	-0.15739493081008454	-0.0447141661702511	-1.0632704997628835	0.28975772659029536	0.3679151309413071	0.434252350931613
TFAP2B	-0.12116008753515828	0.03441405709199197	-1.0783415846181585	0.2828897372475804	0.36051192124844084	0.44308036964964664
FOSL1	-0.08208195889091903	0.014306095853619069	-1.123906212291165	0.26289132380516816	0.338465831675237	0.47048516704939497
IRF2	-0.08535661076012684	-0.03060751268826246	-1.127465464089558	0.2614533543437998	0.3380025838630154	0.47107997974258076
DEAF1	-0.019128565261508308	0.03120394537021381	-1.1285166289155308	0.26133364221043426	0.3380025838630154	0.47107997974258076
MKL1	-0.46684564642990206	-0.32768004553922825	-1.1399465910824735	0.25616325308891236	0.3339175877063369	0.4763607057055822
SP7	-0.1570304019591457	-0.07379002863703707	-1.1462261160279608	0.25379739768254667	0.33152285072282656	0.4794865318118123
THRB	0.1841605724421167	0.38680986873079687	-1.156152830227079	0.24967938655286173	0.32782347123073946	0.4843599553992149
JUN	-0.060026187030411564	-0.03394501847057432	-1.2050447741153907	0.23055518129757702	0.306267158206739	0.5138995711800117
HDAC2	-0.008590182353251277	0.03520572197751168	-1.232110330574212	0.2198158821095411	0.29324374060145164	0.5327712492934639
RFX5	0.44987617696768195	0.8137522709038447	-1.2426480111353908	0.21624335268968184	0.28909292566403094	0.5389625357339273
NR1H4	-0.13956403672848988	-0.08237213019505535	-1.2559944642572924	0.2117406004282971	0.28367811211226984	0.5471741719784644
CEBPD	-0.13991723160021974	-0.07040346444143415	-1.2689726930747411	0.20648748470327358	0.2772326614752731	0.5571556057237169
SPIB	-0.35100222481880256	-0.20327944027435388	-1.28436127188381	0.20105085006600232	0.27109437202448056	0.5668794983696555
KLF8	-0.19972756774051822	-0.09587887249668763	-1.3182867456601568	0.18944484303982528	0.258221557795588	0.5880075031972491
DLX5	-0.23074910158858836	-0.03675219034352039	-1.3309636144961827	0.18628760578068168	0.25502691883075856	0.593413976104702
SOX17	-0.00025624736675234575	0.0667207404547539	-1.3769910340078875	0.17099024351359904	0.2361473186850806	0.6268169812195477
EHF	-0.45195893193574005	-0.15397917468011849	-1.4165935078007967	0.15905985354641317	0.22211698925078185	0.6534182219302184
ILF2	-0.10392591454816312	-0.05326937042734903	-1.450807696882198	0.1489216096168937	0.20935840634482591	0.679109596244572
MAML1	-0.004169257238468427	0.12410682862245886	-1.4710045472487014	0.14355308280021656	0.2022646807095186	0.6940799467503135
BCL11A	-0.3091059126945837	-0.17903746444121124	-1.472551848112559	0.14319341115676143	0.2022123171065077	0.6941923943015467
NR0B2	-0.3785688599995537	-0.22505984637577456	-1.4808905377606978	0.1412085558447059	0.20031168442224118	0.6982937170464117
GATA1	-0.12638007683549235	-0.08533992531988019	-1.4886075242136056	0.13896521927573663	0.19847652046899059	0.7022908623712916
NFAT5	-0.23094147161241305	0.06494711400776156	-1.4894791176232314	0.13879192795608727	0.19847652046899059	0.7022908623712916
HEY2	0.05261879413256283	0.18840585600835522	-1.4990801329968315	0.13632115514889467	0.1960398263265068	0.7076556909047312
MXD1	-0.093357244810196	-0.043672674484186526	-1.5146418682529146	0.13235367845388685	0.19121142025480886	0.718486172700453
EGR2	-0.36380833384873007	-0.20052234351916415	-1.57439643088189	0.11792875594582836	0.17316470720851143	0.7615406170902526
CRABP2	-0.0782111908223425	0.02276627546558006	-1.5920406276998689	0.11392027777343616	0.16846229755647282	0.773497280521522
PER1	-0.05819111072166583	0.044216009647714896	-1.6069362598623813	0.11056109234098628	0.16426967985260282	0.7844425892603931
MEN1	-0.19888115292463526	-0.11463995161026808	-1.6112568304464747	0.10957733208701843	0.16358330290133466	0.7862610272409981
STAT5B	-0.299268930890218	-0.16619545719959458	-1.6537202286049206	0.1004166384579336	0.1509861686166052	0.821062835280431
ZNF143	-0.3818556305697433	-0.2532909265771737	-1.6602021557374627	0.09971929230797963	0.15029806797380585	0.8230466020724927
TGIF1	-0.10727124528935351	0.030687490704929928	-1.6784472742048975	0.0954155208157173	0.14450611485858636	0.8401137751001446
AIP	-0.05278569138583439	0.0770817124315673	-1.724588580698428	0.08686165608045585	0.13315955589840053	0.8756276619322798
SND1	-0.3073856941361673	0.01769686346752124	-1.746041739248551	0.08342773884026904	0.12884037500701648	0.8899480197787595
HES6	-0.10245038900249938	0.12024834870592566	-1.7784213306885412	0.07775417292686848	0.12127329956504114	0.9162348061242597
NFE2L2	-0.03864997750091167	0.004980631173550519	-1.8065633922319841	0.07325427172457775	0.1145397216242151	0.9410438767248215
ZIC2	-0.11338491336465181	0.27017113452609204	-1.8411222683473791	0.06796062668001303	0.10679527049716334	0.9714479799148105
HOXB1	-0.11338491336465181	0.27017113452609204	-1.8411222683473791	0.06796062668001303	0.10679527049716334	0.9714479799148105
HOXB13	-0.11338491336465181	0.27017113452609204	-1.8411222683473791	0.06796062668001303	0.10679527049716334	0.9714479799148105
EHMT2	-0.3228754932000289	-0.1474020439760461	-1.8443586206403089	0.06755076965444963	0.10679527049716334	0.9714479799148105
NCOR1	0.11244154051025308	0.2632219040934688	-1.8483236988935	0.06677669834296054	0.10626647172851843	0.9736037386766393
PGR	-0.013086883978919942	0.06889182101637051	-1.9015612334369545	0.06002522183463968	0.09600972982224255	1.0176847524397366
SNAI2	-0.1963751392740701	-0.06972870196176324	-1.9911928002269	0.04869185646213502	0.0790927305745043	1.1018634307432642
TOB1	-0.023423815518101253	0.10339689120075125	-2.000538815522779	0.0475239436212384	0.07739613675458824	1.1112807166819316
ANKRD1	-0.08276086670115707	0.03246778681204339	-2.0295350037449067	0.04436742601467981	0.07301411052809512	1.1365932010809532
SMAD7	-0.0896535797756153	0.0697326406558298	-2.0600560673044797	0.04207088960425031	0.0697842533911771	1.1562425635777656
SOX9	-0.03344486000823636	0.007224029396688905	-2.0652076072103185	0.04095438102770482	0.06829360878822055	1.1656199375759193
HDAC11	-0.05143922996010872	0.06130096269289438	-2.0714025616193004	0.040114921857611716	0.06720407588719046	1.1726043864456426
NRF1	-0.019680372679572122	0.08564234120556724	-2.071629933383209	0.04019382529138186	0.06720407588719046	1.1726043864456426
SP2	-0.14617048261999088	0.06331575045691266	-2.094176747004689	0.038301608350859606	0.06438366872919295	1.1912242798491
TBX3	-0.1705813887952868	0.115224538581503	-2.117688441817973	0.03600719840759311	0.06105463627783212	1.214281351646574
TBX2	-0.1705813887952868	0.115224538581503	-2.117688441817973	0.03600719840759311	0.06105463627783212	1.214281351646574
SSB	-0.026769060499330852	0.15948006773317633	-2.121951808292442	0.03552859080513215	0.06105463627783212	1.214281351646574
TWIST1	-0.10827861760146121	-0.0374123853893851	-2.16869134966788	0.03216081122756701	0.05570394651846552	1.254114034799776
NR4A2	-0.38671458810413023	0.11476639979823801	-2.170332953557814	0.03176529256175586	0.05517129760726017	1.2582868014864226
EAPP	0.022803541613621275	0.24549191594430575	-2.192200989372611	0.029917062942053478	0.05239664375605455	1.2806965306671767
ARNTL2	-0.5951314649285777	-0.27453152085456695	-2.2343428052707113	0.02692274531333802	0.04741730705467117	1.324063114307768
BMI1	-0.2140983226581875	0.15158016037490363	-2.2429010826007634	0.026657765497722176	0.04711569151043292	1.3268344304194994
SMAD4	-0.1166492022913969	0.02614104299454928	-2.245230859423366	0.026676348462844793	0.04711569151043292	1.3268344304194994
CITED2	-0.32713110555941893	0.057350957517895006	-2.246791903820883	0.026235739137923365	0.04660002390786955	1.3316138604977004
CTCF	-0.07001448606846565	0.03505546259552771	-2.3297328367958947	0.02139001355043324	0.0386499668476128	1.4128508742658374
SMAD3	-0.1106250103148814	-0.010477070001634515	-2.3454177986904945	0.02077015688547943	0.03774750251361045	1.423111777291441
GFI1B	-0.342500452487843	0.07723042038424194	-2.3517245522902215	0.019658199043494813	0.03614572082190982	1.441943110082694
HOXA10	-0.15927783775192886	-0.06301496472240906	-2.3536442804655167	0.020321708669535442	0.03710082982375796	1.430616376534586
SKI	-0.17954249651184695	0.040299328649525706	-2.3560776827389405	0.02035516022228507	0.03710082982375796	1.430616376534586
PBX1	-0.2199409983400107	-0.07233191729353132	-2.4096906688797377	0.017439939289796643	0.03264131920806715	1.4862322974302344
GCM2	-0.10174608560283596	-0.028973950418996353	-2.410021709513999	0.01750483297896856	0.032665268683968116	1.485913765226049
HNF4A	-0.12992285734288242	-0.039120372518374254	-2.4263593316826513	0.0168293783999121	0.03168774851875341	1.4991086172507933
KLF12	-0.1816431395779486	0.03685149520189038	-2.436414908561562	0.016209030782332944	0.03061163343530951	1.514113495851389
DDB2	-0.27318080045993814	-0.08076088798181434	-2.454853652851797	0.015334865249806897	0.02904821906836533	1.53688048883272
KLF9	-0.2040319832767066	0.006932439677201325	-2.5032779397998772	0.013488125083586239	0.02594188474665206	1.5859984744610487
HEYL	-0.3832696484068618	-0.11275845666733811	-2.524931528537344	0.012564621260011134	0.02424005393854456	1.615466418120182
URI1	-0.3832696484068618	-0.11275845666733811	-2.524931528537344	0.012564621260011134	0.02424005393854456	1.615466418120182
NCOA2	-0.3832696484068618	-0.11275845666733811	-2.524931528537344	0.012564621260011134	0.02424005393854456	1.615466418120182
FOXH1	-0.3832696484068618	-0.11275845666733811	-2.524931528537344	0.012564621260011134	0.02424005393854456	1.615466418120182
NR0B1	-0.032624822356314774	0.10521890548875543	-2.5357646104756246	0.01244693290648474	0.02424005393854456	1.615466418120182
L3MBTL1	-0.22313023022245673	-0.09587616909803758	-2.5527661805089856	0.011909989776239114	0.02355698293281364	1.6278803327107096
TLE3	-0.22313023022245673	-0.09587616909803758	-2.5527661805089856	0.011909989776239114	0.02355698293281364	1.6278803327107096
XBP1	-0.2432309249200206	-0.11163161959759312	-2.559553214905773	0.011507166150798978	0.02290474024301892	1.6400746290860289
AR	-0.05285383169484446	-0.008859584466914388	-2.577333821247379	0.011042149798036008	0.022049133513912664	1.6566084727503554
IRF4	-0.31381188199615573	-0.16647999322179916	-2.59031989926973	0.010625863837195852	0.021285676121155908	1.671912550277847
SP100	-0.2470673863199342	0.12335282599828326	-2.597564780919477	0.010195966290103433	0.02068364615177794	1.6843729005869126
XRCC5	-0.2470673863199342	0.12335282599828326	-2.597564780919477	0.010195966290103433	0.02068364615177794	1.6843729005869126
ZBTB17	-0.8019116192882473	-0.24231680129882568	-2.6129435638727037	0.0102923406688273	0.02068364615177794	1.6843729005869126
CBX8	-0.8019116192882473	-0.24231680129882568	-2.6129435638727037	0.0102923406688273	0.02068364615177794	1.6843729005869126
ZBTB5	-0.8019116192882473	-0.24231680129882568	-2.6129435638727037	0.0102923406688273	0.02068364615177794	1.6843729005869126
FOXG1	-0.8019116192882473	-0.24231680129882568	-2.6129435638727037	0.0102923406688273	0.02068364615177794	1.6843729005869126
NFIA	-0.8019116192882473	-0.24231680129882568	-2.6129435638727037	0.0102923406688273	0.02068364615177794	1.6843729005869126
KLF16	-0.8019116192882473	-0.24231680129882568	-2.6129435638727037	0.0102923406688273	0.02068364615177794	1.6843729005869126
MLLT10	-0.36660779193603155	-0.10947845179588261	-2.6214038389213785	0.009961903141844005	0.02061423521431086	1.6858327728376785
TRERF1	-0.0792790003991851	0.08156510777394911	-2.644820033236159	0.009076292153476485	0.01884382510009853	1.7248309353409679
DENND4A	-0.8800019502137678	-0.40690736052603665	-2.689471249752533	0.008439478001944672	0.017756888279259427	1.750633137743793
NFKB2	-0.20889013942834764	-0.0576477023476316	-2.724576223383475	0.007191648973859206	0.01528530137833804	1.8157259939245574
CDCA7L	-0.40659941990943166	0.19270776785492447	-2.752266119432181	0.00671637623842439	0.014471367359079357	1.839490431669692
RFWD2	-0.4286237566390922	0.0417492048023528	-2.7838182883800875	0.006170762834344608	0.013387779574858372	1.8732914467632262
TNFAIP3	-0.2569886771670918	-0.0782370435934739	-2.809039358922218	0.005811470855034155	0.01278523588107514	1.8932912550522478
NR2E3	-0.11793940861682942	-0.03788025622953863	-2.825033906410702	0.0055155007917329765	0.012263187930555235	1.911396616222475
E2F3	-0.5010134113324185	-0.05027617321935058	-2.830675061773137	0.005668396743916797	0.012558603386699053	1.9010586548006334
SALL4A	-0.173148907619437	0.37180345363784556	-2.832121038898703	0.005404294213402359	0.012058692070474301	1.918699794797835
KCNIP3	-0.18162633626501737	-0.03801837352151212	-2.8607895581876917	0.00488249640974386	0.011254872238637501	1.9486594305941287
SATB2	-0.09868647799181587	0.12529638766693468	-2.935725223460443	0.0039707394893525524	0.00928975246203004	2.0319958582137536
CBFA2T3	-0.6605989968125571	-0.23083063676175883	-2.9529013496092564	0.003553671705490072	0.008439970300538922	2.07365908161306
ZNF267	-0.6655300849444481	0.02325690987621044	-2.9856861976523232	0.0033871527627936035	0.008075075217762698	2.0928534236089784
RELB	-0.3067564820480027	0.04253069579451844	-3.036040409010682	0.0028967712435675895	0.0070126469873238555	2.15411802268913
HTATIP2	-0.35677134512807435	0.1880251078312001	-3.039110162928858	0.002854837272154905	0.006937918486981107	2.158770806953208
ZNF239	-0.1445368333672767	-0.028641689044262356	-3.0775481788228487	0.002503938602383771	0.006156743151743626	2.210648964015662
MAFA	-0.3554747114339307	-0.029773788844781206	-3.0810724914012613	0.0025024414153403092	0.006156743151743626	2.210648964015662
MEIS1	-0.4560483794999433	0.002111313538394676	-3.083419602975957	0.0024853214851073696	0.006156743151743626	2.210648964015662
FOXP1	-0.5066501674760895	-0.02566864634968751	-3.088041239188443	0.0025002886227977637	0.006156743151743626	2.210648964015662
RREB1	-0.5066501674760895	-0.02566864634968751	-3.088041239188443	0.0025002886227977637	0.006156743151743626	2.210648964015662
CEBPZ	-0.25104531375545946	0.08268310412584784	-3.103847670328419	0.002338635180920705	0.005888852443523221	2.2299693276240378
ZNF76	-0.5062977651617715	-0.17247495177029296	-3.168019827040615	0.001994238716458217	0.005166891219914472	2.2867706816879725
KLF5	-0.42784699572822743	-0.16091135642931265	-3.1899813471149883	0.001854768671485288	0.004845583154255315	2.314653949173605
PER2	-0.5061084226959788	0.20742766354603465	-3.243237345219137	0.001539488091820557	0.00407282292646198	2.390104471262433
SUZ12	-0.5061084226959788	0.20742766354603465	-3.243237345219137	0.001539488091820557	0.00407282292646198	2.390104471262433
HOXB7	-0.25611957225303794	-0.07782287912343748	-3.290157129954483	0.0012616032656848789	0.0033660648833379533	2.472877516938906
MYOD1	-0.48890552442335844	-0.047011054640467884	-3.313277386677195	0.0012530381973782643	0.003357499785282785	2.4739840064330383
SOX10	-0.08510453037870491	0.013169105710196272	-3.315172563345558	0.0011421100794125167	0.003127087422670952	2.504859977198747
TCF4	-0.261338791184126	-0.0745436802363087	-3.321973102397614	0.0012386512289847772	0.003347561726609721	2.475271406166937
ZEB1	-0.3423499304232651	-0.13037480267549764	-3.32691504167901	0.0011905001625779497	0.0032454069649407585	2.4887308361375347
STAT5	-1.055571757792217	-0.49226358434774126	-3.352872958223249	0.001045245154037872	0.0029010161356965236	2.5374498556080654
POU2AF1	-0.7814300020796974	-0.37613247925001103	-3.3550782302972126	0.0010858288478941625	0.0029888495716583903	2.524495942385505
TSC22D1	-0.5132628841037945	-0.08765374442968243	-3.398596916795394	0.0009129170228492458	0.00257837375372287	2.588654128326991
RFX3	-0.24382192472138564	-0.08100956661437231	-3.4104603426706683	0.0008454038159837377	0.0024204027060356326	2.616112370193549
FOXI1	-0.3990671688592013	-0.04155464713107656	-3.4109651053529446	0.0009092655366854796	0.00257837375372287	2.588654128326991
POU3F2	-0.08407556521308777	0.0835980183577793	-3.431433470484069	0.0007809632161296309	0.002246164846391186	2.6485583739646232
SREBF2	-0.17504889387087674	-0.06520288664047875	-3.4385475345866126	0.0007768388409892118	0.0022445988631347273	2.648861261383597
MBD2	-0.31132973502954886	0.08696342029884555	-3.5224143196811957	0.0005889544544071	0.001717555548433729	2.765089208278233
PITX2	-0.2812308337699322	-0.09098492976218742	-3.5475084154093324	0.0005598904388846208	0.0016404266597226974	2.785043181303369
HEY1	-0.13717960338450227	0.14655600082143583	-3.5518687589108957	0.0005522224604031208	0.0016255562566796092	2.788997995996982
NOTCH3	-0.5792882989265544	-0.01737505902923437	-3.5601344793775307	0.0005179464661003975	0.0015318511049290057	2.814783445832841
IKZF1	-0.4785618566496288	-0.04436505441868994	-3.566898297717216	0.0005053550234023947	0.0015181582981956745	2.8186829422425297
ATF3	-0.05609782143686129	0.1510876896235939	-3.5726497785070674	0.00049110721233145	0.001496060043730344	2.825050975898385
ARID3A	-0.163526403337339	-0.0199983257292416	-3.576561837995454	0.000456083740560278	0.0014227089817477328	2.846883926722915
JDP2	-0.7241269305744135	-0.16165333281445124	-3.580870295610495	0.0004919168712844065	0.001496060043730344	2.825050975898385
EGR1	-0.10785630692719102	-0.0128533243650243	-3.6214926396513687	0.00044327404904383547	0.001396647380655703	2.8549132287934404
STAT2	-0.573405308732272	-0.22330242485507873	-3.6226634548848597	0.0004423176938034237	0.001396647380655703	2.8549132287934404
ZBTB14	-0.7047104309645015	-0.04402342357532987	-3.629380474006892	0.0004475283356320403	0.0014030013322064462	2.852941916591288
HOXC13	-0.3883587108775436	-0.11426089665586202	-3.6450219470713416	0.00036003016327613134	0.0011554720443578007	2.937240557435425
NKX2-5	-0.33817486219761433	-0.02111655162372898	-3.7114727049826595	0.0002791891769718397	0.0009165005966562486	3.03786724796916
ESR1	-0.1395687203023048	-0.04204935440930443	-3.759852809162469	0.0002634979771489645	0.0008695433245915829	3.060708774601686
EZH2	-0.23289663599581195	-0.09832850180974637	-3.7717814197272435	0.00024102328416071797	0.0008038382934509053	3.0948313086213566
SALL3	-0.7437512107304087	-0.13558914731742727	-3.8279890756399855	0.00018480927142737214	0.000640195652955593	3.193687279120047
FLI1	-0.08675978514829492	0.04048983158775473	-3.832474889374862	0.0001975849509622235	0.0006696527797476439	3.174150324056285
NFKBIA	-0.10664477229707102	0.03218606999638968	-3.8327359505225638	0.000187156308530223	0.000643918897595502	3.1911688291383213
HOXC6	-1.0129455681691628	-0.08707236598374998	-3.8680436301773446	0.00018260367967894077	0.000636069484214977	3.1964954394414637
TBX21	-0.1307423402344588	-0.017181640392284578	-3.8744123110762434	0.00017137740011772583	0.00060305633279536	3.219642117578797
DNMT3A	-0.4245603160544351	0.014924714083812029	-3.903241557811964	0.00014624344469537658	0.0005269806886436845	3.278205299339925
ATM	-0.06839894143309351	0.05706835336225559	-3.9298063689701617	0.00014080599798386474	0.00051032000425366	3.29215740723763
LIMD1	-0.3707377523547367	0.06994307042318493	-3.9500595485397443	0.00011134528421067142	0.0004155565071433987	3.3813699127415493
SP1	-0.06000680636787976	-0.01330638713534355	-3.9919819475259852	0.00010967983281766081	0.00041179194716570855	3.385322150519571
FOXF2	-0.37749708936832865	-0.0900472733249748	-4.02002637601289	9.577940827342839e-05	0.0003661810304112171	3.436304157579704
ILF3	-0.3823978540097126	-0.10105817146747387	-4.0366400058832514	9.421512321135698e-05	0.00036241032057374737	3.4407994431574562
SFPQ	-0.4309390634629035	-0.14771077361206936	-4.066955194970706	9.002228783323877e-05	0.0003484195955027204	3.4578974277763574
NR1I2	-0.17947529241128463	-0.017430295127821564	-4.086903202579938	8.025771459823006e-05	0.0003125564413235419	3.5050715465053957
MYB	-0.30972279096480987	-0.14222049929448538	-4.112247021822445	7.181633801651573e-05	0.000283200276329279	3.5479063272244207
TCF12	-0.7844164817683003	-0.14162793831033837	-4.171448271793649	5.5587177188638546e-05	0.00022631922141088553	3.6452785596193658
RBBP7	-0.7844164817683003	-0.14162793831033837	-4.171448271793649	5.5587177188638546e-05	0.00022631922141088553	3.6452785596193658
ZNF217	-0.7844164817683003	-0.14162793831033837	-4.171448271793649	5.5587177188638546e-05	0.00022631922141088553	3.6452785596193658
MTA2	-0.4078734852723874	-0.07947321548752345	-4.179416267547061	5.2272244946682244e-05	0.00022128261603951432	3.6550527029035567
PIAS3	-0.6953952903730884	-0.23093264273737782	-4.185831251468711	5.4055657852446484e-05	0.0002259526498232263	3.6459825611844843
SNAI1	-0.44492210199761945	-0.12130014714393199	-4.187707561145305	5.510233379137255e-05	0.00022631922141088553	3.6452785596193658
SALL4	-0.3266298423038296	-0.04588180012520042	-4.194569151420325	5.258550205723706e-05	0.00022128261603951432	3.6550527029035567
TRAF6	-0.8053783845323037	0.23369308314819226	-4.203647371210886	5.025833076310411e-05	0.00021436716590793388	3.668841733704108
TEAD4	-0.8053783845323037	0.23369308314819226	-4.203647371210886	5.025833076310411e-05	0.00021436716590793388	3.668841733704108
ZFP36L1	-0.8053783845323037	0.23369308314819226	-4.203647371210886	5.025833076310411e-05	0.00021436716590793388	3.668841733704108
MTF1	-0.4598851241808202	-0.09869164884086827	-4.265506747193534	4.022444088460662e-05	0.00017636870234019828	3.7535784804678194
SMURF2	-0.7786120271410469	0.11172180316150321	-4.458180305473732	2.0704291859388955e-05	9.545287496938878e-05	4.020210986447498
JUNB	-0.45740185046391435	-0.11155094751356776	-4.502243837210437	1.6091816501335726e-05	7.586142064915414e-05	4.119979028568223
PTTG1	-0.37225740163044463	-0.1399616223180111	-4.568220767769804	1.2621607034706664e-05	6.134688070357426e-05	4.212207514887514
TRIM16	-0.536533583328148	-0.10371853433980695	-4.570236503874127	9.858784078302705e-06	4.867289462280154e-05	4.312712825087331
ZNF24	-0.3849071004274462	0.16163729614117095	-4.615884934494937	9.610459366175648e-06	4.782347636977882e-05	4.320358857468741
PAX4	-0.5418919723215786	0.06618860954335526	-4.644849914262657	8.253276313337093e-06	4.1581099918713156e-05	4.3811040267335155
GLI3	-0.6122114273112925	-0.20072418091691108	-4.726817351827286	6.597224901964759e-06	3.390540994698282e-05	4.469731000243285
ZNF148	-0.5942629930358566	-0.15413199539185052	-4.767990698761549	5.312301121579653e-06	2.8227227146020698e-05	4.549331781942645
HIPK2	-0.48631682870128456	0.03755231948157034	-4.79478016735022	4.5984852062994135e-06	2.5071741081302022e-05	4.600815505860425
ZNF383	-0.7373223976961255	-0.16035549701875476	-4.808407468196458	4.491250103000874e-06	2.4920476235234938e-05	4.603443662480029
CHD8	-1.383885861407896	-0.45193789220326896	-4.832409455442708	3.482594998245604e-06	2.003290884311921e-05	4.69825598516505
NF1	-0.46899938077356507	0.018422563377819934	-4.860486305567263	4.07355124081429e-06	2.3010059711626663e-05	4.638082254325867
APEX1	-0.2823977341832016	-0.05560446286493639	-4.873486635716161	3.2450939737102686e-06	1.9195036995437155e-05	4.716811046510956
SRF	-0.44119282401227683	-0.10604573221185261	-4.90294072320958	3.406186480343041e-06	1.9774804844213764e-05	4.703887793822664
NRIP1	-0.8835543286264106	-0.15039340246958316	-5.07979641515824	1.5320847244196957e-06	9.417814923638719e-06	5.026049848447577
TLX1	-1.0482237789506426	-0.2347903099843368	-5.156860177684053	1.5222411019228815e-06	9.417814923638719e-06	5.026049848447577
FOSB	-1.2886505799616554	-0.011763461562161107	-5.2529229118348715	6.281869947840048e-07	4.019114752342562e-06	5.395869593808538
JUND	-0.19447338868924866	-0.036969800373612784	-5.268606370570295	5.040896578030948e-07	3.292335577526463e-06	5.48249590491774
BCL6	-0.17371805509426277	0.003105232533009309	-5.3386136657910015	4.476835300826742e-07	2.9861443974663485e-06	5.52488919543665
AATF	-1.0890302711905173	-0.1742454732577843	-5.3472574071050145	6.52501024530116e-07	4.132506488690735e-06	5.38378645584475
ZNF202	-0.6263370193529664	-0.21017373908953968	-5.395883782985905	3.429342021461735e-07	2.3120402660822666e-06	5.636004606590151
SERTAD1	-1.195800554302469	-0.31797700189051664	-5.403694496326051	3.4204599676629096e-07	2.3120402660822666e-06	5.636004606590151
PITX1	-0.28684979502838676	-0.0615135401101144	-5.449668410756561	2.6823859766352545e-07	1.868728897055894e-06	5.728453698649314
HDAC4	-0.23763143762146383	0.03244415695650638	-5.456093509727753	2.5463468193774296e-07	1.8142721088064188e-06	5.741297575880911
HCFC1	-0.31625988263563104	-0.007823921576007755	-5.468751848645188	3.2442597472537615e-07	2.2353306170638557e-06	5.650658233360933
MZF1	-0.6079401563506415	0.08249050690422341	-5.4697057857580305	2.259210803988343e-07	1.6471222954659197e-06	5.783274154154943
PPARA	-0.25864815128779145	-0.060116642615445144	-5.5140159308128815	1.5527924456627007e-07	1.173013088470498e-06	5.930697142003139
LMO2	-0.2561387487678684	0.03220300994041083	-5.562583424313641	1.5782520352559214e-07	1.1780524120303127e-06	5.9288353871811825
AHR	-0.3575903310542217	0.070382744741596	-5.710438498766782	8.901611768593625e-08	7.155526383215645e-07	6.145358412649523
SREBF1	-0.26401302953833555	0.07439760852254648	-5.717912970444362	8.33346595726477e-08	6.785822279487027e-07	6.168397518703398
ELF2	-0.44099354844987193	-0.10837727162519165	-5.748571517978679	5.77885370244882e-08	5.103297565401986e-07	6.29214910788874
STAT4	-0.829344590202947	-0.19447315322743708	-5.841202685665073	7.330472460114831e-08	6.128274976655999e-07	6.212661756076971
ZNF300	-0.847957074738878	-0.15011823016412576	-5.872495626027812	5.33343217443164e-08	4.84646662807049e-07	6.314574773392936
NFIL3	-1.303918820976342	-0.33397974323954016	-5.891392275327191	3.8222094209672676e-08	3.6310989499189047e-07	6.439961916105496
MED1	-0.855879811178773	-0.20562143110400155	-5.8959183784731355	5.4694158597351627e-08	4.899033920077067e-07	6.309889553552182
ZFP36	-0.37671036875317593	0.0010155813246686002	-5.92295011082763	3.536783907194865e-08	3.411636168940277e-07	6.467037290003546
HSF1	-0.3809811042130592	-0.04982858856227294	-5.9742763885948	1.7143555986570364e-08	1.762132721898298e-07	6.7539613841093855
MYBL2	-2.276711355924259	-0.394868724182795	-6.017270511311011	4.288712561693443e-08	4.013466830122073e-07	6.396480321962025
RNF14	-1.1700066710251018	-0.016230994328279114	-6.050029899137479	1.2157720458809243e-08	1.336184629872451e-07	6.8741335282416305
STAT5A	-0.4079413681366917	-0.060378662194494406	-6.125050593244434	9.524517283632568e-09	1.1370311454572862e-07	6.944227638993023
POU2F2	-1.4340115370263427	-0.2821353321879559	-6.2756379620586715	1.0096610215218203e-08	1.1575681323566108e-07	6.936453437773762
PHB2	-0.6304156036899808	-0.06864201362679193	-6.280251769177626	5.170434409192965e-09	6.753879947008311e-08	7.170446663394895
RAD51	-0.4470237589730134	-0.0424957031766418	-6.372368076005059	2.596889564163588e-09	3.539673384196891e-08	7.451036809721423
HES1	-0.42891280473288546	-0.06802958745417818	-6.544076120045205	1.174252436444205e-09	1.6733097219329923e-08	7.776423665686132
WWP1	-0.4357862406604853	0.041593885424682904	-6.627299030201376	5.110987352812832e-10	8.011472675534113e-09	8.096287644206535
MAX	-2.923402410240993	-0.6214435215579888	-6.789050950591945	7.385938237947372e-10	1.1026150655221434e-08	7.957576077856719
HDAC10	-2.0505504848543055	-0.5647673833287495	-6.833642018050478	2.549642876670415e-10	4.320611036952298e-09	8.364454829293669
MYC	-0.2482577913425154	-0.06189980018426103	-6.989348269141961	2.7599874439445315e-10	4.553979282508477e-09	8.341608949459285
ELK1	-0.5502377981339407	-0.07320346045854256	-6.990452955121219	2.5031358993751685e-10	4.320611036952298e-09	8.364454829293669
FOXM1	-0.5179215865485463	-0.0474467271258627	-7.052282097472629	1.655578979476011e-10	3.145600061004421e-09	8.502296495425437
CREB1	-0.2169278778762209	-0.03566101128638971	-7.081778534051616	1.247975190025677e-10	2.8554669397295143e-09	8.544322863682071
CDX1	-1.5351484460758191	-0.3863200685306969	-7.0954278322124305	1.5827058700183019e-10	3.10111431406711e-09	8.508482224393596
SATB1	-0.4111482536777081	-0.08146793043372998	-7.099767195490456	8.443823561129466e-11	2.0362605280108364e-09	8.691166657259153
HOXA1	-1.1693285382503014	-0.14346542453454583	-7.177922932664092	1.2751686493209952e-10	2.8554669397295143e-09	8.544322863682071
POU4F1	-0.9710963843553403	-0.13927008389418252	-7.445360667060613	1.8445248974026473e-11	5.256895957597545e-10	9.279270618280872
POU2F1	-0.28547136087156744	-0.058184378676456684	-7.6918950086362115	5.4212767712382195e-12	1.699570267783182e-10	9.76966087504701
POU4F2	-1.0705515276902209	-0.0777505391112309	-7.9017382657144735	9.977364892785905e-13	3.47544877098709e-11	10.458989108720044
FOSL2	-0.43186408256147335	-0.05816276117696853	-8.271968037686399	2.3170002331942196e-13	9.079744663829848e-12	11.041926364325713
TCF7L2	-1.2798565661186998	-0.2707699912260615	-8.572256881966196	1.392724954352861e-13	5.821590309194959e-12	11.23495836102646
TSC22D3	-1.2634273201146036	-0.30950094496843805	-8.751496987086249	3.3277231922976925e-14	1.896802219609685e-12	11.721977950824641
TFDP1	-1.2395800614621304	-0.23430799156785964	-8.837462535224951	5.020974609960138e-14	2.623459233704172e-12	11.581125679975221
E2F1	-0.3641471489265591	-0.07862453246636596	-9.002408454241758	2.803254382456459e-14	1.7576404978001999e-12	11.75506994939175
TP53BP1	-1.546650684853946	-0.29594565621079094	-9.935839828105683	8.254053793308146e-17	1.6181884427436202e-14	13.79097090492505
MYCN	-0.7042064514028129	-0.139782600203922	-10.117779328854077	8.713921929525927e-17	1.6181884427436202e-14	13.79097090492505
