	TFAs Ave.(E)	TFAs Ave.(NE)	TTS	p_val	FDR	negLog10_FDR
E4F1	3.022349972967877	0.6683367110152064	11.397710053389217	2.7152633966257867e-23	1.702470149684368e-20	19.76892049406482
RBL1	1.463669138889288	0.36492219401649506	11.27411841100164	9.204273339423557e-23	2.885539691909285e-20	19.539772947396344
E2F4	0.9139144340059631	0.19996389187378116	10.722413483428149	1.5811217594134187e-21	3.3045444771740453e-19	18.480888398412628
RBL2	1.1183184126638277	0.17653970324541932	10.479694021139622	3.9388067147289206e-21	6.174079525337583e-19	18.209427780880347
TP53	0.28348256112141196	0.08161924287531135	9.593880229328608	8.869699080658158e-18	5.561301323572666e-16	15.254823573252612
DLX4	1.414783946145007	0.2998711980125353	9.438332043517924	1.2099002490299827e-17	5.941110685692035e-16	15.226132356437066
ID4	1.414783946145007	0.2998711980125353	9.438332043517924	1.2099002490299827e-17	5.941110685692035e-16	15.226132356437066
ZHX2	1.4566450535025017	0.43399940941768833	9.1104287132705	7.478162479269327e-17	3.3491484817870483e-15	14.475065597938988
MSC	0.6573689787392363	0.1780058665574633	9.1033145605629	8.13869539290016e-17	3.4019746742322666e-15	14.468268923786976
LMO4	0.30475549517921485	0.0722651327131615	8.90781164312583	2.5212662865030433e-16	9.8802122602338e-15	14.005233725204066
E2F6	0.4367686969239518	0.050501145591963045	8.780464357713738	1.1920545836386683e-15	4.3727128623828073e-14	13.359249040006375
SOX6	1.0503163722971152	0.3404704957996115	8.707153085308681	1.2553242667127678e-15	4.3727128623828073e-14	13.359249040006375
POLR1A	0.8064663422839563	0.17714491803714194	8.42592333523012	1.3507991238036168e-14	3.6823958722820333e-13	12.433869524928697
E2F8	0.8064663422839563	0.17714491803714194	8.42592333523012	1.3507991238036168e-14	3.6823958722820333e-13	12.433869524928697
E2F7	0.8064663422839563	0.17714491803714194	8.42592333523012	1.3507991238036168e-14	3.6823958722820333e-13	12.433869524928697
NR4A1	0.46408108445186863	0.027424870669101004	8.298420354266751	7.010539032344974e-15	2.3134778806738416e-13	12.635734648464588
SPEN	0.6508896037963708	0.08966687584727694	8.059681285983666	2.5632211134941183e-14	6.696415159003385e-13	12.174157629137396
SF1	0.43309216990442334	-0.002467410941636018	8.028970884216859	7.428539191017904e-14	1.7250718788030464e-12	11.763192804406842
ETV6	1.0264754570795018	0.3676290435702917	8.021092298636246	6.331732843487641e-14	1.5269217280256735e-12	11.816183224867475
BRCA1	0.2612920991979575	0.05480356698627474	7.579705124336659	8.216554934167461e-13	1.6618644979751607e-11	10.779404389806253
PAWR	0.6005926219778067	0.03103580253139161	7.5318869319321875	1.2312271493846909e-12	2.4124356958256286e-11	10.617544254075481
CBX7	0.811766155332651	0.11295136823605166	7.521405920706797	6.468346977353465e-13	1.3518845182668742e-11	10.869060405451709
IRF1	0.3351466516373658	0.08538691164879014	7.391776072806536	2.8827474173972684e-12	5.3161253844355506e-11	10.274404784477555
ATOH1	1.150820929198745	-0.054948892753224746	7.308979568816237	3.1123791302985963e-12	5.575604899134914e-11	10.253708008978377
MEF2D	1.5348324024684117	0.33916397451608526	7.289182920359742	6.475345966839641e-12	1.0973086273536365e-10	9.959671206239674
SPDEF	0.5849018344006185	0.06305725605395993	7.270148959333983	6.023326823030245e-12	1.0490627550111009e-10	9.979198531501538
MITF	0.6043037615809855	0.12253651048969084	7.10260767046397	1.089799618104079e-11	1.708260901378144e-10	9.767445799117924
NR2F2	0.8936393900959974	0.09500663536691348	7.098601841076588	9.334260058840532e-12	1.500661809459747e-10	9.823717169738131
BTAF1	0.5386805212025838	0.06250895981959044	7.003886490694	3.4826735851444094e-11	4.747035517142488e-10	9.323577518894387
TCF19	1.1399294563471531	0.32067935775607764	6.937138614543639	3.6957679725226614e-11	4.930311742067466e-10	9.307125619550494
KLF2	0.7547683099311561	0.23015771054544198	6.930808834879785	3.396122925132596e-11	4.731931275684751e-10	9.324961571484433
MYOCD	1.513039962751837	0.07759895494200568	6.722517685489529	1.5356270420056077e-10	1.816675764787766e-09	8.740722577440875
NR4A3	1.3293461883401996	0.1566915574350146	6.58624760101317	4.4902983441168753e-10	4.939328178528563e-09	8.306332117513472
RB1	0.3391528640003061	0.06762723653005574	6.540297586291116	5.011574767669285e-10	5.41768513677352e-09	8.266186238751972
RUNX2	0.37513603524236844	-0.003788660951440087	6.4714036503321495	4.117478760471515e-10	4.610105683599357e-09	8.33628911858477
CRX	0.11184205477966426	0.014060887626473638	6.426777997102329	7.450152905941145e-10	7.917365884788302e-09	8.101419284569843
FOXO3	0.45503726041388487	0.13292084914971536	6.376522003938479	1.1694767341759654e-09	1.1826805037553715e-08	7.927132562385129
FOXP3	0.31101213916419557	0.08668813265920984	6.338068877152516	1.1355024837599393e-09	1.1671476349466916e-08	7.932874205662116
OTX1	0.49776721258470774	0.11479917454223873	6.240807491763839	2.202175499309144e-09	2.060841847860945e-08	7.685955335361353
KLF6	0.5851237928538916	0.22632025141138934	6.225669100115476	2.8597618272043828e-09	2.598653138633548e-08	7.585251685112493
ATF4	0.44732015211547177	0.10970066140196086	6.223631791462004	2.346477998061389e-09	2.1635907423301337e-08	7.664824885504857
ASCL1	1.160558591989902	0.33993088406631905	6.175289738566772	4.1319871675469205e-09	3.408889413226209e-08	7.467387087361499
NR5A2	0.2450777976326731	-0.12166700277733274	6.11902552390865	3.5508562616004693e-09	3.049845035648622e-08	7.515722226840901
KLF10	0.714937208739196	0.26526008116645683	6.116790934869473	4.7077282039824405e-09	3.689681979871238e-08	7.433011064827131
ZNF160	2.0195816874056165	0.6418948264331492	6.0845914623255295	6.0474948316633986e-09	4.624121048113355e-08	7.334970805677583
ISL1	1.351174357571423	-0.07719612385934735	6.038003326132247	8.328667834180578e-09	6.216755633370502e-08	7.206436203431994
ZBTB16	0.5481952900951573	0.0884724374838457	5.914564464056462	9.8252622967804e-09	7.247575835389777e-08	7.139807231686107
RUNX1	0.2213071885723642	0.06211017943621972	5.883115654532459	1.6044715060715753e-08	1.1563260164446869e-07	6.936919702955796
EWSR1	0.5960475229857765	0.050438528600253864	5.68197404647152	4.648862940583821e-08	3.0049866636557275e-07	6.522157451086725
TFAP2A	0.07684953261830625	-0.043185345765657246	5.659823886738862	4.484344140990282e-08	2.928837267084278e-07	6.533304758045507
MDM2	0.7569301846489731	-0.2254250965989391	5.636101428911582	4.231572023225959e-08	2.7928375353291327e-07	6.55395432730016
YBX1	0.3066804573511183	0.08111753916872348	5.547787465566848	9.482359657881936e-08	5.828862260286249e-07	6.234416207213477
SP4	0.3677596620004738	0.10278279660792479	5.507065635247432	9.145255381419115e-08	5.677302103118599e-07	6.245857995289026
NFRKB	1.064499426308933	0.19027545868261483	5.299577318736685	3.304387083718848e-07	1.8562735261238758e-06	5.731358029122667
MSX1	0.7431928454554932	-0.02261608309801183	5.298642228624051	3.1111681739598874e-07	1.773365859157136e-06	5.751201656828982
TCF3	0.47352547692752006	0.240317363635249	5.283688353432513	3.0030008193735396e-07	1.7274142327956048e-06	5.7626035064129715
APBB1	0.8974896844351312	0.2752391599703768	5.251122380601966	4.13009767882113e-07	2.2133087560861954e-06	5.654957997861619
TOP2B	0.07025259011827446	-0.13496905692166594	5.180446755903101	4.046896575988355e-07	2.187417373400602e-06	5.660068342856007
MLXIPL	1.2222242163046588	0.3064947466854665	5.171413334619009	4.7679298782404834e-07	2.5334678251328673e-06	5.596284606848338
CTBP1	0.5172845607208131	0.17716786211822097	5.133269851802723	6.49123933692494e-07	3.363642201861105e-06	5.473190207291974
SOX4	0.4016536003778696	0.015794968255361704	4.976413155814875	1.3614733049851613e-06	6.721604426973985e-06	5.1725270497715465
ABL1	0.3148535453536704	0.12110182980522462	4.972160116945861	1.2792274265406268e-06	6.365679336833119e-06	5.196155242207546
CDX2	0.2919991002853997	0.0727142147499815	4.922818247708417	1.614882801227342e-06	7.78870397207341e-06	5.108534802225206
TBP	0.18336665805519758	-0.03710077046584219	4.91766109722224	1.6547338601002743e-06	7.919985727350168e-06	5.101275601054275
IRF8	0.1957486810584131	-0.007771262958860397	4.855288257354752	1.9250353692690245e-06	9.075166740839687e-06	5.0421453867919785
CREM	0.10305562554643898	-0.0629957580580348	4.782632951423346	3.3736444254427156e-06	1.5553493049651344e-05	4.808172060538862
STAT6	0.10768237696364738	-0.03985519283383447	4.756463576110168	3.7355047592333907e-06	1.685008261898803e-05	4.773397965363406
PCBD1	0.6847257293348187	-0.08489740858307888	4.6920718111304645	4.119461062571213e-06	1.8318454512284756e-05	4.737111169592812
PURA	0.44397742327986467	-0.0007231199231752941	4.67629462205216	5.1616959540558106e-06	2.2744556701169485e-05	4.643122523292679
DNMT3L	0.5004942884612271	0.11188415691026052	4.672681730473288	5.187355037108829e-06	2.2744556701169485e-05	4.643122523292679
ERCC2	0.6550764516993639	0.32077994657130726	4.5581180120092695	7.847012625769197e-06	3.34699109956278e-05	4.475345442531948
RFX1	0.30094740232511497	-0.11887259760595298	4.555691124298082	9.201503569949735e-06	3.820756780369857e-05	4.417850607510551
KLF4	0.1614690134265087	0.04873489092119968	4.5302820364365886	9.064132631533626e-06	3.788807439981056e-05	4.4214974664797575
FHL2	1.3199045520993773	0.6763967217365456	4.525250932619858	1.1186530675342887e-05	4.496124829128199e-05	4.347161639643404
EGR3	0.13550287411581005	-0.06715498432322602	4.504999210423535	1.004783174417756e-05	4.1176408520257065e-05	4.385351536004893
IRF7	0.2665981063522424	0.04815423638800849	4.5014884622957005	1.0879271293964473e-05	4.429417598256964e-05	4.3536533732105696
HMGA2	0.23751488753122815	-0.021103460401616134	4.473070101819589	1.1163365694047111e-05	4.496124829128199e-05	4.347161639643404
PPARGC1A	0.191080163807684	-0.09571861235869314	4.466432251857083	1.1450795509469057e-05	4.57302470346312e-05	4.339796452555741
SMARCA4	0.4014031576456943	0.13337296783397276	4.464229944860278	1.2745256562797456e-05	4.994547415546254e-05	4.301503859557332
ZNF350	0.5704127324497115	-0.023008127144356367	4.455062821252806	1.6415402516930822e-05	6.275888645192454e-05	4.202324770822432
SUGP1	0.6495815926451691	-0.07529554321100547	4.420701467834864	1.3828763005391865e-05	5.352243459494259e-05	4.27146413987586
UHRF1	0.4735092506648665	0.12683439009319897	4.412650770961896	1.6532758024448797e-05	6.282448049290543e-05	4.201871093980867
DR1	0.34021229111231016	0.05374431040479672	4.356930665099345	1.9605982986904344e-05	7.188860428531593e-05	4.143339948118466
AES	0.554288869582442	0.11848366215378316	4.330562885006851	2.0088387647436118e-05	7.322918055199096e-05	4.135315825671147
ZNF148	0.2191111928208842	-0.02875317287745824	4.2398579575038084	3.3286954410636995e-05	0.00011725236188465952	3.930878400270506
PRDM1	0.06557462126297735	-0.24563589117888862	4.164859143331578	4.111275179987235e-05	0.00014241820651116004	3.846434487652099
TWIST2	0.21813990664727773	0.06095520928448642	4.15228983199993	4.4740712983275855e-05	0.00015245884261148892	3.816847381492077
ING2	0.24352598456769023	-0.07982629655904123	4.139299798866537	4.452776985703898e-05	0.00015245884261148892	3.816847381492077
PLAGL1	0.1981185012994448	-0.0061208916887737	4.08489448249992	6.237317741949052e-05	0.0002091335948771153	3.6795761972262007
HEXIM1	1.4298330178376688	0.4289293141362607	4.008034389436181	9.171618929933253e-05	0.0002995106806806328	3.5235876858691464
FOXQ1	0.3717683527499362	-0.046915329160870926	3.9765952167492893	8.928165128551498e-05	0.0002946294492421994	3.5307238460739128
MKL1	0.27016764655709113	-0.3050386763969393	3.948712006711225	0.00010625482099710185	0.0003434111998205302	3.464185545107142
IRF3	0.29334208746855633	0.06455914011044636	3.8994338467028404	0.0001215573558645636	0.00038885950064837435	3.410207285859535
NR1H3	0.2527202747942961	0.021044126638262828	3.88411881556458	0.00013027750729837926	0.000412545439778201	3.384528209155078
HLTF	0.567859253721566	0.1988067471699965	3.850817403708915	0.0001432218955223464	0.00044900064246255594	3.347753037576313
MECP2	0.42142484692026105	0.10871859293547073	3.832490992163479	0.00016221989865572981	0.000501043726389865	3.3001243713360124
NKX3-1	0.3390224423388168	0.02512928487113066	3.7970149405627676	0.00019866374006669493	0.0006017495894773803	3.220584197335058
ZNF175	0.19946050669880608	-0.10200866608320835	3.7935399534937266	0.0001859532846535454	0.0005687449242818193	3.245082466143594
GATA6	0.20143937927252162	-0.08000920422519776	3.7905572884043846	0.00019136880600739386	0.0005824671911001745	3.2347285323198682
ELF1	0.24782538539969196	0.00798012573487093	3.7759441016118673	0.00021080772643520352	0.0006354636753599645	3.1969092697230357
PIAS1	0.2724300757557556	0.017852712197453737	3.7453267863586457	0.00022579080440345134	0.0006741468302903046	3.171245503108584
MTA3	0.3366651951885502	0.0898867621262089	3.7428603985038897	0.0002280799021649422	0.0006777540220730746	3.1689278964565006
NCOA6	0.29256051943618944	-0.02801590802143691	3.7202321730688186	0.00025081433272268255	0.0007417952198920847	3.1297159695800416
TSG101	0.23540697905759397	-0.017858388577781617	3.639479080464421	0.0003311567515439044	0.0009702583327945237	3.0131126187542545
NR1I3	0.13666238221060817	-0.03978118377870958	3.6001412588327217	0.0003730443653694193	0.0010729303536083756	2.9694284681787355
TFAP4	0.4954747775732207	0.26949977089715543	3.5833899011712433	0.0004214066600135989	0.001201008981038757	2.9204537449692918
BHLHE41	0.726584853729339	0.2577327247653764	3.542118435254639	0.0005103496177260234	0.0014285232603313245	2.8451126837017506
NHLH2	0.25019132667347194	0.07651199627377928	3.502121310116188	0.0005410578915265312	0.0015077479910539336	2.821671241517114
NR1H2	0.2543837637705279	0.038579301739742805	3.4997771313328356	0.0005561277645372194	0.0015428854352426396	2.8116663206569643
VDR	0.17810229796217383	0.08168574264910237	3.496445826458079	0.0005823886952709374	0.0015876422258038162	2.799247358876918
TFDP3	0.7623870001335521	0.3670428245195461	3.479558107279701	0.0005975247107996539	0.0016218527864562036	2.789988568701466
NELFCD	0.8616491100112917	0.42505719956845184	3.472702139981704	0.0006449995157838615	0.0017431667948124188	2.7586610554597617
PHOX2B	0.15936972977152708	-0.046699386491236686	3.4563386024350886	0.0006566442412986563	0.0017670211986878003	2.7527582402963424
ATF2	0.09329831348802808	-0.043905770201492764	3.4341820122611564	0.0006935721074985273	0.0018505094102194749	2.7327087020868372
GATA3	0.09528282568249394	0.0011426734517495647	3.427576491750838	0.0006933336343567625	0.0018505094102194749	2.7327087020868372
PTMA	0.5938824930419491	-0.11875021700602086	3.4260748825222436	0.0007164293085787247	0.0018953636138348542	2.722307460981663
DLX3	0.2522702675149794	-0.3049226877330845	3.4153446065735955	0.0007364841810019179	0.0019402335356647163	2.7121459931901972
KAT5	0.3016027402215366	0.12244152287875214	3.4122101766175597	0.0007464279861823549	0.0019582022901101946	2.708142445862484
STAT1	0.15210997266355028	0.0800798651762525	3.39338361730678	0.0008101673415896663	0.0020818644392488553	2.6815475530209256
DBP	0.07745858729754708	-0.11051143121743064	3.3929186386114596	0.000792241094849272	0.0020611417695871105	2.6858921355221517
FUS	0.4466851775038755	0.15997381741601513	3.379313246027812	0.0008788174435697839	0.00223991275251323	2.6497688976658407
NFIC	0.03334599001044865	-0.07656694210698162	3.364876014266002	0.0008679839386921935	0.0022213303247347158	2.653386854534615
KLF8	0.20408410948059985	-0.11274880197981227	3.359183999098493	0.0009138748691881585	0.00231983620640071	2.6345426776813152
TFAP2B	0.3019957470008903	-0.11473967633371537	3.309564054211781	0.0010942446389788341	0.002744365554558916	2.561558040285311
ONECUT2	0.6410165921668441	0.24118877305903336	3.3030361406701108	0.0010802651219485614	0.002720185668521076	2.5654014518252843
FOS	0.08379137848456211	-0.0008929292188668736	3.2850962519618108	0.0011759352752181973	0.00292583895857861	2.5337495816028484
PAX5	0.19727076211204683	0.10012874345749456	3.2253453986594605	0.0014249843406557152	0.003476518216307912	2.4588554906502105
TEAD1	0.3701061715217307	0.016796046604347397	3.2127448820734443	0.0014920240996970265	0.0036259655446125414	2.440576327062281
TFCP2	0.36421276820071535	-0.030542858189243287	3.182656011862787	0.0016878992216606407	0.004034559921183777	2.3942038300186743
NF1	0.4093163759438153	0.15954194794744692	3.1824320324453335	0.001692327367258905	0.004034559921183777	2.3942038300186743
MAF	0.1545232622864139	-0.07450397449645087	3.1718687891610715	0.0016773457539465905	0.004029485776722269	2.3947503728616595
ID1	0.36948635659304985	0.08665999657260345	3.1534216726100572	0.001818978638085558	0.0043200742654532	2.364508787259326
WT1	0.041114123354133315	-0.012258191791632973	3.1455391840805884	0.001862218223526556	0.004406078589249625	2.355947760800081
ELK4	0.5529705306818292	0.07751286380430561	3.1298113479124625	0.0019885167530780175	0.004652238821566855	2.3323379989680073
TCFL5	0.5608209101116963	0.14795248632733715	3.075135719625903	0.0023376010798179347	0.005388514253845018	2.268530963997731
NCOA4	0.39623254001866826	0.16121218907521298	3.0716066891921296	0.002384224588001441	0.0054758564713439685	2.2615479437594175
USF2	0.05548068128429506	-0.02223906294570277	3.0528832308062737	0.0025329688671093717	0.005775169017009368	2.238435301118867
NFATC2	0.24339897209049663	0.12175137003462169	3.0311275921185232	0.0027161026231496206	0.0061702766112855505	2.2096953662646195
KAT2B	0.41634593020029576	0.2718468727005619	2.9952910118794116	0.0030757942489326793	0.006912268795988495	2.1603793818797454
FOXD3	0.30901250185658435	0.05524603815718286	2.9890412645520983	0.0031785472622444296	0.00711767547652592	2.147661817114271
IRF9	0.45900120521191135	0.2838314093842356	2.982552608874962	0.003202094503717023	0.007129229893420671	2.1469573805410107
GATA2	0.09838979831832166	0.00465576293377618	2.9803954945557076	0.0032064478946485313	0.007129229893420671	2.1469573805410107
HIC1	0.13470627637060292	-0.06958586818835699	2.9481745469471146	0.0036468803186034365	0.00796722634064235	2.0986928448030895
SRCAP	0.4809972705625354	0.14571675348984914	2.9455276436847284	0.003525075846970617	0.007728050895281737	2.1119300264130563
NCOA1	0.8740941791281217	0.5348391769834784	2.9293591233506997	0.0037722455768255197	0.008212492974547224	2.0855249889532197
MEF2A	0.11622569022260408	-0.02778670406708457	2.916401884713729	0.003872717788196063	0.008402055547401147	2.075614451594735
NRL	0.04941408898913695	-0.0033388469176126798	2.90314099013285	0.0040293560845440345	0.008681808470821683	2.0613897993522805
PITX3	0.1445739242539414	0.0009608151573307542	2.888854167595046	0.004266054029091506	0.009098013184491069	2.0410534381427343
HOXA11	0.20951956284893702	-0.12570894441376285	2.8867187844866367	0.004208777970984049	0.009006497569307163	2.0454440638537323
GZF1	0.20951956284893702	-0.12570894441376285	2.8867187844866367	0.004208777970984049	0.009006497569307163	2.0454440638537323
KLF14	0.871660660978783	0.2700967160797889	2.8120597404318244	0.0053051535972001304	0.011124853864362814	1.953705685184575
REL	0.30078604639344403	0.14363920218945395	2.785357467017484	0.005842570560458136	0.01209007175381931	1.9175711216210058
MTA1	0.00815160835977736	-0.06370635640194953	2.7745585105144195	0.0059592058391501595	0.012290862043247204	1.910417655966584
GLI2	0.010904691164572027	-0.09299698047694258	2.744995233072355	0.006505755921502013	0.013330421446999223	1.8751561199625228
HOXA5	0.3388643216094148	0.18137695228330042	2.7355791497277715	0.0066367875664007075	0.0135546117398477	1.8679129178958631
ANKRD1	0.17975624357343037	0.05066367608356563	2.7190368533641247	0.006943972228400925	0.01409019607510479	1.851082963331839
LEF1	0.18284110091387096	0.0572307785271748	2.6837237423254785	0.007719969835971835	0.015464604112314189	1.8106611932836976
HNF1A	0.14568426667871956	-0.04896705950698449	2.65447798098283	0.008573910386462201	0.01704181212501458	1.7684842268198684
MAML1	0.248336089225072	0.013421920548084871	2.6525790074287645	0.008588855871618192	0.01704181212501458	1.7684842268198684
TFAP2C	0.1028589833849492	-0.11019510994517011	2.6406341766749515	0.008838662462984852	0.017482149414168775	1.7574051723122968
ZIC1	0.17997741866670985	0.03970694151990597	2.626687533099478	0.009225033327010248	0.01813196205653738	1.7415551984294584
CRTC1	0.3707780078586196	0.0959474779953334	2.57697342922552	0.010571323683452394	0.02058453400473494	1.6864589601682165
TAF1	0.9617391047707172	0.6425171228914386	2.5615640765778425	0.011157456694019791	0.021525308760462797	1.667050610280649
ECD	0.23035863033200446	0.11244919829604179	2.5369947180613215	0.011908443257628243	0.022764005861380818	1.6427513112395598
ZNF382	0.07900331085484298	-0.04569855321100782	2.524225624309097	0.01233600259877891	0.02343840493767993	1.6300719468491072
TLX1	0.4361233665668835	0.16266130034472048	2.5047062060565666	0.013177013274447515	0.024826261644866596	1.6050886718766517
RB1CC1	-0.0511405832348921	-0.1804957441297486	2.4988199047583826	0.013124813142713547	0.024826261644866596	1.6050886718766517
MBD2	0.22824108975732713	-0.053111242964405656	2.4714618398291917	0.014137685086313034	0.026521669442905568	1.5763991421442531
KDM4C	0.33384172680457747	-0.03662262377909387	2.4658069815028685	0.014323264820950912	0.026728235246238755	1.573029714947979
TRIM16	0.10303233846887049	-0.012905682089516837	2.4123043575155654	0.016801370057901825	0.03053466384436071	1.5152068567829937
BACH2	0.35598077822832275	-0.08176863305721181	2.4092685866859336	0.016792424981017365	0.03053466384436071	1.5152068567829937
KLF3	0.612701373764766	0.2580887515356639	2.3857656687830953	0.01778014359881086	0.032034913897857495	1.494376438949649
ING1	0.4448323518343041	0.2836686053000043	2.371850595575237	0.018492999677402124	0.03303450369723969	1.4810322135467264
SMARCB1	0.06312417102152992	-0.11068206736422477	2.353107603050869	0.019131488619568034	0.033885433232963724	1.4699869574348237
SMARCA1	0.06312417102152992	-0.11068206736422477	2.353107603050869	0.019131488619568034	0.033885433232963724	1.4699869574348237
EP300	0.036598726985967805	-0.038977727932700226	2.351966847464198	0.0194436907242002	0.03416066808815322	1.4664736443015012
TEF	0.18287528379293658	-0.36380064934883677	2.33729859255747	0.020172266810281746	0.03523122922018567	1.453072203987913
CEBPA	0.037463591763988106	-0.05625805444390528	2.3258517240374146	0.020907900995913286	0.03641459423454897	1.438724524997865
NFATC1	0.06032141129045323	-0.005581982829783756	2.30208443374027	0.022255633746857007	0.0386545217708569	1.4127996953998219
SP7	0.16130548024653008	0.005247658240641278	2.2908642993872887	0.022829561939009417	0.03954181031977598	1.4029434515147194
NUPR1	0.5698798912366189	0.3596754139623677	2.261128104555471	0.024724152339642893	0.042588031639989275	1.3707124319536212
EBF3	1.612010400066634	1.1083266211223015	2.2546047800987887	0.025197417163200633	0.04328433030500492	1.3636692974972955
COPS5	-0.06357904314951787	-0.3479291881813552	2.2093774625953735	0.028165211225049332	0.04798800934267916	1.3188672652670153
REST	0.10662946625262626	0.051222136210391754	2.196706539387377	0.02898575277640166	0.04898670347925563	1.3099217850576295
CREBBP	0.19896915039159171	0.10967017722704063	2.194819615089799	0.029231533095457216	0.04926927755605289	1.3074238058135832
MSX2	0.08518375029251007	-0.04073597502041802	2.1843922611976128	0.02993836619382526	0.05032535014350787	1.2982131947827886
ATF7	0.1543657717370221	-0.011521527675127234	2.172980016027965	0.030732617471307108	0.05138493641202548	1.2891641765678719
TBPL1	-0.006979267850778344	-0.08818047165934288	2.1609917302722974	0.03170523766170442	0.05269399529384109	1.278238871681765
HMGB2	0.14269161080399767	0.01940319925214893	2.1467046151241926	0.0326413602838366	0.05400035065426267	1.2676034200526447
TBX5	0.019561903555215587	-0.07393379549226821	2.1239373752560153	0.034505208816415965	0.056784162540401084	1.2457727748593619
NELFB	-0.18130966622343106	-0.6757877902992473	2.1043490471860298	0.036037905068077046	0.05899677931510263	1.229171696219839
HDAC9	0.014248722762859795	-0.04509576973306994	2.104161728432707	0.03629246199304009	0.05925878559801078	1.2272472528473082
NR3C1	0.15276067852691078	0.09798649214469159	2.0925222911205976	0.037315407527823224	0.060613369222655866	1.2174315748558586
NFYC	0.2091602847891535	0.08816045479813134	2.056416494035132	0.040714702842404575	0.06596413096172524	1.1806921547603066
GLI1	0.035443942114299756	-0.046685903588747114	2.047747994218794	0.0416327164875318	0.06722951116568573	1.172440046544132
ETS2	-0.03613372055312274	-0.1211391213939299	2.0388915831468055	0.04243793847274584	0.06822714723695292	1.166042787376856
KDM2A	0.9957859365549337	0.5494173225050515	2.028840356821623	0.04366082929524983	0.06979746297970942	1.1561603629633286
BCL11A	-0.021602953263919842	-0.1621248496026989	2.019430203168992	0.04430447119416842	0.07050483106280102	1.1517811236889919
NR1H4	-0.012857232917312073	-0.07076105816273294	2.0154328240972275	0.04482067344751913	0.07114572721922657	1.1478511771093267
NR1D1	0.21505532640660374	0.032896489694090966	2.0130623284595175	0.04518835252090347	0.07154822482476382	1.1454011370037627
PLAGL2	0.25484293929240764	0.1106766281825507	1.9905454943863203	0.047512784377474165	0.07503908263142645	1.124712483937956
HOXA9	0.12478419513317264	0.03276791901931674	1.9902542532873342	0.047734073989888236	0.07519915676296464	1.1237870292919299
FOXO4	0.36853267563254843	0.2266145234756644	1.9726535605764481	0.04961879071723475	0.07797238541279745	1.1080591791848904
HOXA10	0.05727221878196727	0.0012870393778051162	1.9672467213919427	0.05028099702709244	0.07881546283996739	1.1033885697277275
PDX1	0.04076785968506188	-0.05571269439393007	1.9573493174003485	0.05116965970281051	0.08000842053282342	1.0968643030269054
RBMX	0.23285642451058336	0.0840072736702101	1.9342086098306719	0.05469182813312906	0.08530292596883562	1.069036071876725
SIN3A	0.13820790706774283	0.011605866022437673	1.8762850071920851	0.061937496969030656	0.09541722506039857	1.0203732178177591
HNF4A	-0.04401696201837899	-0.09430468942421741	1.867231850822761	0.06314260396795895	0.09703532521546634	1.013070134256391
SPI1	0.045056861363686196	-0.008583992845903337	1.8057993505832637	0.0721814473353067	0.1101162225772197	0.9581486950448447
NR5A1	0.07957594580193203	0.0214899185683653	1.7899371936225554	0.07487394448929262	0.11367061306243699	0.9443517977082083
NFIB	0.7728026169641127	0.5496635549308905	1.7836176558924273	0.07597236301148778	0.1150595932565286	0.9390771655682755
EPAS1	-0.006070243001278896	-0.10640820404215019	1.7750244577116991	0.07705172191452149	0.11613324432789658	0.9350434412306343
NFYA	0.15124386805037626	0.07718456365822594	1.746070114255225	0.08211662090400669	0.12258838406383855	0.9115506797032322
NCOA3	0.15726127182183153	0.006381497348208107	1.745409669927509	0.08205080783935151	0.12258838406383855	0.9115506797032322
NFYB	0.10909967260430246	0.026448658164845814	1.7400470082288846	0.08295045627914584	0.12350079538433761	0.9083302454009432
LDB1	0.18332598573769068	0.08668123028093244	1.7383985257425043	0.0833187184171847	0.12350079538433761	0.9083302454009432
ID3	0.18332598573769068	0.08668123028093244	1.7383985257425043	0.0833187184171847	0.12350079538433761	0.9083302454009432
ING4	0.3101548491309113	0.22678807207634846	1.6889525807102563	0.09276049077002493	0.13463154563149451	0.8708531682805369
TWIST1	0.09364760603294796	0.05890312566529096	1.6632186930231787	0.09747540555090599	0.14114798910027265	0.8503253047567092
ETV3	0.11742345726963616	-0.005095655282364276	1.6496432229398295	0.10040478005202849	0.14505483201064945	0.8384677995699783
ELK3	-0.006099724319958767	-0.11145188755646067	1.6289662484593008	0.10444562351098645	0.15054576078480117	0.8223314692690532
NCOR1	0.2808827960061	0.16885669808662274	1.593799494367173	0.1124026354900569	0.16090514258508146	0.7934300754744127
BARD1	0.004840552796749929	-0.10121805130468682	1.574862779869416	0.11659034945159341	0.16614124796852062	0.7795225316593546
RARG	0.18718392732697298	0.015609221352234196	1.5424669232434296	0.12424944877197495	0.17546037022528896	0.7558209586054598
ETV5	0.18718392732697298	0.015609221352234196	1.5424669232434296	0.12424944877197495	0.17546037022528896	0.7558209586054598
HHEX	0.07354572760736908	0.03341245301797455	1.5199097796592662	0.12978421548696562	0.18245449127876107	0.7388454416247628
SKI	0.40923733415742086	0.3015173546385724	1.465241643445455	0.14428685746582373	0.20103968806904773	0.6967181982614633
ZFHX3	0.4722279225485938	0.36276112501239266	1.435113611290971	0.1525808538144162	0.21165529942840478	0.6743708531824087
ATF6	0.08034397728423534	0.032200343319773714	1.4206612781096506	0.15654631450042342	0.21619942553252308	0.6651454643530448
APC	0.09578470492306633	0.015315201611473523	1.420619441831505	0.15703304085805633	0.2163949815780249	0.6647528151839689
CREB5	0.11874901168210097	0.0730281351219066	1.3587928756726835	0.17527693474478892	0.23943058406314302	0.6208203750595555
RARA	0.03531729822992958	-0.011147094379576087	1.3571521801311577	0.1761128624919949	0.24004948865756698	0.6196992148080567
PA2G4	0.0913966721063827	-0.0031320362006436978	1.3493925287033177	0.17841777434430062	0.24266365404311602	0.6149952670573352
SRSF1	0.13824266706577407	0.001767394002655382	1.3352361362814955	0.18299504889293552	0.24727994753420382	0.6068111000897215
KDM4B	0.31146780947480085	0.1767076246605767	1.3178295497647596	0.18899046909098258	0.2542854594850774	0.5946784728794989
NCOR2	0.31146780947480085	0.1767076246605767	1.3178295497647596	0.18899046909098258	0.2542854594850774	0.5946784728794989
GCM1	0.2622789550197917	0.1585828084387008	1.2941549357572513	0.19675671833194458	0.26304149764206664	0.579975731452111
FOXL1	0.16033542483072655	-0.16285317652950368	1.2712426115928896	0.2047763208983336	0.2731803259643727	0.5635505810987665
HSF2	0.012593604774191611	-0.020847759477581884	1.2586361212529944	0.20913799457443874	0.2784066297201127	0.5553204270479003
ZNF224	-0.03388692724391866	-0.14868203856052403	1.23711608894502	0.21731131672950618	0.2880638384553919	0.5405112566275102
NFIX	-0.22206254590928565	-0.42073256217013505	1.2179625517190908	0.22447524706609145	0.29639493599575095	0.5281292206923356
KLF9	-0.04139956387508862	-0.1499632659850895	1.2038625178374835	0.2301892706329111	0.30321149724125057	0.5182543350526337
SPIB	0.08561867578747938	-0.0332585623774064	1.1977342047686719	0.2321959612118416	0.3052135590772006	0.5153961768062624
BTG2	0.11129806264426101	0.03385525569947592	1.1955729879888393	0.23311894910076925	0.30578573448992113	0.5145827791487514
DNMT1	0.025253912825328163	-0.010704810599424366	1.1790160142749193	0.23936404491917548	0.3112994521123845	0.5068216436759091
HDAC2	0.08170887171700937	0.043920610033849485	1.178463568762887	0.23973494336195278	0.3112994521123845	0.5068216436759091
CRABP2	0.06743050029058781	0.007681623912654693	1.1642393059379743	0.24543610233964525	0.31795131439454044	0.4976393753253872
TFPT	0.2679899579322299	0.1150861074150086	1.1208105824555328	0.2635292089275532	0.3385918319622456	0.47032352282634965
CTNNB1	0.10760833015236689	0.06412456943274618	1.1079000538433545	0.26891212881356513	0.34480144123947926	0.4624309275310696
TRIM28	0.19568599073678417	0.14617137655751694	1.1051896877791374	0.2702186990178095	0.34576964139625826	0.4612131404804587
LHX4	0.06763632802900583	0.026218581838484842	1.0983391627782886	0.2729583705357592	0.34785548440227854	0.4586011450248321
FOXA2	0.09590945971266031	0.04391462306741094	1.0937817973797146	0.2751642694126232	0.3499553690095633	0.4559873391605966
BACH1	0.054823178031834584	-0.03334343024142801	1.0631316309373773	0.2889469325795424	0.36452661313354745	0.4382707594855726
HDAC11	0.13367448959674846	0.08338268428456823	1.045606263836299	0.2967586242014992	0.37362983408502004	0.427558452941976
HNF4G	-0.0711418034713993	-0.1584602671744511	1.0429494627960003	0.29805545018617635	0.3742777762253135	0.42680595955203493
CLOCK	0.04407824811992655	0.003241654428253272	1.0405360703217124	0.299064060428839	0.3742777762253135	0.42680595955203493
PHOX2A	-0.03398012476652084	-0.08524735282232675	1.020084634076018	0.3085869800781001	0.38466011234387426	0.4149228458925124
CEBPG	0.15689199885486357	0.008987509930739004	1.0119908270206088	0.3124277084799887	0.38867494685903353	0.4104134521434527
NKX2-1	0.029733084204110208	-0.02676777334964277	0.9237092352882844	0.3564607358237152	0.4348266174347654	0.36168387891135617
SMAD7	0.0912383496837131	0.034711816247903704	0.916997182219839	0.3602643938324326	0.43861315520958294	0.35791834678240947
MXI1	-0.14290565717105252	-0.29513278990946173	0.906272452837608	0.36610605417622577	0.4431438146109914	0.3534553081876228
ENO1	-0.14290565717105252	-0.29513278990946173	0.906272452837608	0.36610605417622577	0.4431438146109914	0.3534553081876228
POU5F1	-0.023604365750178317	-0.06639728423674192	0.886735224267127	0.37623260849573703	0.453649702936206	0.3432793691760082
LRRFIP1	-0.04136889212154496	-0.09230945570902667	0.873997231728562	0.38280911578765353	0.4589317697874929	0.33825187700610154
SLC2A4RG	-0.021958955289183346	-0.04246244692673373	0.8440893882820041	0.39921720027059926	0.47407042532133664	0.3241571371095957
MAZ	0.011785983493772604	-0.050912080705218916	0.8170624862906057	0.4148136834370105	0.49166007469755313	0.3083350572020965
DNMT3A	0.3628823674254011	0.27428701894523155	0.8063348687191669	0.42105845451681445	0.49648935188650645	0.3040900613005679
CUX1	0.11071287745674946	0.020643578511368013	0.8022633504917486	0.42316893022905555	0.49686688998804834	0.3037599426277479
PBX2	-0.026265260221158975	-0.11072826864714617	0.7566418698460885	0.4498784843508118	0.5223589068295537	0.28203099566699885
CIITA	0.12087169303243436	0.08396947074111975	0.7525385045428661	0.4524580063346393	0.5237089588825972	0.2809099967305618
ZBTB7A	-0.05104734545064767	-0.10872660913448422	0.7522280486634254	0.4527117316018623	0.5237089588825972	0.2809099967305618
HBP1	-0.2691621414336481	-0.3324873528932117	0.7466050089351495	0.4561785300997082	0.5257792984788916	0.2791965173802357
NR2C2	0.10362966358739302	0.06998630360682011	0.7442681573790478	0.4574147000657429	0.5262367283325152	0.27881884390617595
RXRA	-0.06296586318869375	-0.09297545869649886	0.7149219903608617	0.4753646902860851	0.5429028430043267	0.2652778840804443
CEBPB	0.04381267865329239	0.020063009803739547	0.7056150076408927	0.4811947676971011	0.547566459793253	0.2615631616571495
RARB	-0.011593623772735828	-0.03657885797713323	0.6713483872427332	0.5025712360644603	0.5682437113920104	0.24546536180248288
BCL3	0.06412374564889631	0.03233950986402703	0.6674553380835836	0.5051699162555303	0.569504938694569	0.24450250540665586
HNF1B	-0.156914025596362	-0.21797505114340093	0.6441481103916481	0.5199735821048164	0.5832261824324148	0.23416298772388933
AIP	-0.10802709248529807	-0.14752591722742506	0.6313942800090514	0.5282185100590574	0.5903618641836523	0.22888170455481077
ATF3	0.1640110192557072	0.13111247168946735	0.5725145769096727	0.5675041985104372	0.6308956249397946	0.20004248427747404
TRPS1	0.020818203872833275	0.008177660313086428	0.5656073852763477	0.5721694391247871	0.6349561740375956	0.19725624955917745
HDGF	0.015610824925333139	-0.013850182548336493	0.5442653776826054	0.5867684408984937	0.6488603394062709	0.18784877061455735
FOXF1	0.11928596131769897	0.10103856739811341	0.5396245818729251	0.5898900718167436	0.651163864487849	0.18630970807119548
USF1	-0.022588138609333158	-0.031972921492008984	0.527548466809013	0.5982310784721611	0.6592106963129085	0.18097575441775934
CREB3	0.09123993712166117	-0.04511777776396275	0.4997617221716939	0.6175929206394277	0.6780747237752298	0.16872244428179647
HR	0.11329990436691216	0.05069870188658818	0.4983680267605745	0.6186437846889157	0.6780747237752298	0.16872244428179647
TP63	0.13664835842265147	0.10632090985623543	0.4953512538211352	0.6207373496602246	0.6780747237752298	0.16872244428179647
LHX3	0.15689479410584733	0.13334681466963766	0.4953243134844706	0.6207574026267655	0.6780747237752298	0.16872244428179647
SHOX	-0.07334412698148461	-0.12091315161622411	0.49092700509685316	0.6239244710637963	0.6803489449686962	0.16726828434562752
ZBTB14	0.47575915845282907	0.4049909121564987	0.47769475629229585	0.6334024030809524	0.6894849075204117	0.1614752358729627
PROX1	0.06655831270894244	0.050489532915015393	0.463618753979441	0.6433445337501116	0.6978841222514186	0.15621668231176533
PCGF2	0.061576474451953044	0.043681861059392695	0.4530339692355751	0.6508524835916012	0.7048091661691432	0.15192845648194298
HAX1	-0.14138632497773657	-0.16699306742954206	0.38704714218956576	0.6990182914698002	0.7555007661501996	0.12176509090849617
XPC	0.1019239119065763	0.08362035823429326	0.3740233040470526	0.7086904361115676	0.7621765067614972	0.11794444199928847
SUPT3H	-0.26897266986414253	-0.3148946524955414	0.37113847255633725	0.710901721973201	0.7632455131458853	0.11733574008755243
ESR2	0.3629999229851758	0.3408189683194113	0.36193441040851343	0.7176538544643796	0.7691777209387453	0.11397330349425773
PAX6	-0.02609421592729091	-0.044535332982231814	0.32299621646149085	0.7469815661946924	0.7938261728882579	0.100274586263373
PAX3	0.00431194712675737	-0.017577388719838837	0.31270708959051446	0.7547042044416007	0.8006760341537794	0.09654317060677507
CBFA2T3	-0.2703682844630487	-0.31391514043609997	0.30783291714055827	0.7584522928482155	0.8032932223240391	0.09512589732103159
EN1	-0.04865290213691127	-0.06666571682957964	0.24877086000592114	0.8037070996450549	0.8449850203097543	0.07315099004969086
OTX2	0.07617052387895035	0.06661634050876976	0.24772263986157933	0.8045551150317756	0.8449850203097543	0.07315099004969086
LMO3	0.08834001650764149	0.07936225059152276	0.1936515951223582	0.8465939916058622	0.8802892748538568	0.055374589408248014
STAT2	0.1127410418735384	0.1019729138330065	0.17058687906888598	0.8647066925664939	0.8946717759722634	0.04833626303989385
HINFP	0.027977931780523317	0.022005149920103124	0.16839755421288846	0.8663908213318884	0.8949374711286557	0.04820730758067913
WWTR1	-0.08041479531678394	-0.09044733632298003	0.14326894270092738	0.8862176780075052	0.9139119804452397	0.03909562948244866
DLX5	0.07770950651650534	0.06252879016484851	0.1396111269164287	0.8891201883904759	0.914110561001971	0.03900127349023793
NFATC3	0.544135702556256	0.5284523784575514	0.10718355595026798	0.9147055807559512	0.9332432483785101	0.030005143327790727
ETS1	-0.0652857293999074	-0.0677529398045094	0.09889379729292236	0.9213122018639504	0.9352265268169724	0.029083183318790434
GATA4	-0.0500041831766775	-0.05309027719735369	0.09876783993071499	0.9214071474402094	0.9352265268169724	0.029083183318790434
SRY	-0.022358510884575553	-0.028684741280634633	0.05605465082874513	0.9553457510331798	0.9676927074277928	0.014262531798744515
NFAT5	-0.2410544789742983	-0.2533325521111304	0.05256911474037029	0.9581264283939847	0.9689439848435941	0.013701329013730917
ZNRD1	-0.21204409239892374	-0.21457191922495644	0.03332373710622079	0.9734439823771315	0.9812690947756615	0.008211879112915783
CHD4	0.3417788434935836	0.34079144667585154	0.007958675858033448	0.9936562552998335	0.997461324039158	0.001103934821177897
NR3C2	-0.07795747560385516	-0.078328577505885	0.007178749292790195	0.994279629225636	0.997461324039158	0.001103934821177897
HOXC13	-0.08230636032781898	-0.08224754981679286	-0.0008996832548109809	0.9992827712242999	0.9992827712242999	0.0003116002572467991
STAT3	0.017823959601821253	0.01787010096436482	-0.0031013051482677613	0.9975283801129745	0.9991218759278515	0.00038153197969577405
PLAG1	-0.26458528388629055	-0.26263768056222403	-0.021140250314562042	0.983150271524832	0.9894626328187314	0.004600602333844082
NANOG	0.03921325213265069	0.04063109215182169	-0.04037371303315102	0.9678314979652684	0.9771825269311164	0.010024307279078293
NAB2	0.036723576340829366	0.04537655738018844	-0.09827853230046384	0.9218022226042886	0.9352265268169724	0.029083183318790434
IFI16	-0.13601436334968947	-0.12591909796762168	-0.10639628928812485	0.9153821335770076	0.9332432483785101	0.030005143327790727
MAFA	-0.23900069712434702	-0.22944958886385539	-0.1085923977402309	0.9136086106623075	0.9332432483785101	0.030005143327790727
NR0B2	-0.12159602312976692	-0.11167951048313905	-0.1291030330929289	0.8973832359563728	0.9193779231121663	0.03650592911048506
TTF2	0.14300973544681392	0.15565595975950366	-0.13343096313041589	0.8939510274628141	0.9173605470035752	0.037459941538986005
PML	0.08264196715739311	0.08755262845224424	-0.13932929764318672	0.889326064132699	0.914110561001971	0.03900127349023793
ILF2	-0.01855432022397224	-0.013262496664943658	-0.17939900577527382	0.8577381448311716	0.8889286228250324	0.05113310962339841
TRRAP	-0.19618810563005576	-0.1751624409714362	-0.19082225972784117	0.8488102242770261	0.8811324679167143	0.05495879560548305
ERG	-0.037963990625685014	-0.03119486477986921	-0.19516877841918054	0.8454366448213528	0.8802892748538568	0.055374589408248014
HOXB1	0.015125607205799961	0.051535002378460426	-0.23239312673415524	0.8164074061800737	0.8517261957985127	0.06969999533309974
ZIC2	0.015125607205799961	0.051535002378460426	-0.23239312673415524	0.8164074061800737	0.8517261957985127	0.06969999533309974
HOXB13	0.015125607205799961	0.051535002378460426	-0.23239312673415524	0.8164074061800737	0.8517261957985127	0.06969999533309974
STAT5B	-0.1177885987914124	-0.1010498357917446	-0.24481761278097708	0.8068014923050048	0.8459273171826722	0.07266695032094588
ZNF239	-0.03256828523753558	-0.023556051525217055	-0.25206899946968436	0.8011648158019149	0.8442526714416817	0.07352755646626066
KLF11	-0.10725877062402595	-0.08980979643683347	-0.25512176348378146	0.7987979968072954	0.8431756632965896	0.07408193705625463
SIRT2	-0.3800894013843403	-0.35103193888730233	-0.29555150501626054	0.7678498872684154	0.8118750072804325	0.09051082768839142
CREB3L1	-0.24077133046658108	-0.19091305643703393	-0.3388587904156418	0.7349888220328968	0.7824074557124385	0.10656701972436217
RUNX3	0.08137782610808202	0.09301278103318272	-0.3523298189271382	0.7249295293086191	0.7730115899260275	0.1118139945639707
BRD7	0.09311256807352898	0.11361895637730778	-0.35515446693810937	0.7227649467040159	0.7720163911131482	0.1123734788165659
HOPX	-0.17008509311234227	-0.1312500925370169	-0.35683808518948196	0.7215599004928108	0.7720163911131482	0.1123734788165659
DUX4	-0.3620521592122448	-0.3003627865043632	-0.3794625827340433	0.7046775678726839	0.759162946831912	0.11966499707594222
ONECUT1	-0.2518426538418194	-0.226738083883769	-0.3856614880534611	0.7000732777245071	0.7555007661501996	0.12176509090849617
SMAD4	0.13277731600511244	0.15841128380819125	-0.4645659578350049	0.6427147893429209	0.6978841222514186	0.15621668231176533
SPIC	-0.20860152580113744	-0.18682822082912312	-0.5258303896764633	0.5994288735181279	0.6593717608699408	0.18086965646640843
NFE2L1	0.23652222293835667	0.34146205183343215	-0.5477152233216889	0.5843702756858467	0.6473501110512824	0.1888607731601897
PKNOX1	0.034238564494683855	0.06948226733157725	-0.610964069686923	0.5416935085631451	0.6032714562506075	0.2194872228124148
IRF2	0.0933559079476955	0.1303665158622572	-0.6210661392724225	0.5350370321270672	0.59691853940155	0.2240849323585268
TGIF1	0.06853467956763522	0.1244103916997053	-0.632130712541459	0.5278229536088925	0.5903618641836523	0.22888170455481077
SP100	0.12230780926861665	0.2047577646189422	-0.6646361234405778	0.5068321463980374	0.569504938694569	0.24450250540665586
XRCC5	0.12230780926861665	0.2047577646189422	-0.6646361234405778	0.5068321463980374	0.569504938694569	0.24450250540665586
HOXC10	0.058709660795315165	0.08242397645474127	-0.6707200225772202	0.5029908450120666	0.5682437113920104	0.24546536180248288
HOXC9	0.058709660795315165	0.08242397645474127	-0.6707200225772202	0.5029908450120666	0.5682437113920104	0.24546536180248288
SOX10	-0.03062115130938547	-0.007466414073407245	-0.688913238127959	0.49146229269598596	0.5582370607253319	0.25318133457217845
MEIS1	-0.18454998693515393	-0.0971723219483897	-0.7107211200768982	0.4779184130559063	0.5448269908837332	0.2637413854904496
NR2E3	-0.048494387387901045	-0.03092605374767249	-0.7185427757844834	0.4731197678467538	0.5413249898538588	0.26654192357378
VHL	0.04023960316140552	0.0757231657348216	-0.7208275940353611	0.47164468911930013	0.5406238027016474	0.2671048370050176
VEZF1	-0.10470993331337802	-0.07582722913954233	-0.7247589530487676	0.4692053062611108	0.5388126868602866	0.26856218694952066
LYL1	-0.09049739510808603	-0.04411138863788079	-0.7502678644466307	0.4537601658147037	0.5239551085926689	0.28070592088966567
DDB2	-0.2791209363793272	-0.2231467230521887	-0.7704275139725552	0.4418534777920261	0.51399282110501	0.2890429467172786
FOSL1	0.08638874306885437	0.14865678158783788	-0.7726668729709052	0.44048916441238306	0.513358189751978	0.28957950516090714
KHDRBS1	-0.101825740172514	-0.03375444521999068	-0.7771577159705169	0.43782033016228417	0.5111980391280301	0.2914108207289785
CEBPE	-0.034650487774813186	0.026185847398171536	-0.7846164605011626	0.43344291495975795	0.5070311710443437	0.2949653404764836
SIM2	-0.11824036667251843	-0.08047584316274996	-0.7875988345457546	0.4317764648224317	0.5060258755956348	0.295827274976253
SKIL	0.10433604119893339	0.16335795782631693	-0.8040957131278464	0.422055541555834	0.49648935188650645	0.3040900613005679
ZNF444	-0.1416661576667304	-0.08041100878953654	-0.8055371388165621	0.4213686490192772	0.49648935188650645	0.3040900613005679
ATM	-0.022124879696981428	-0.0034127705175166206	-0.8109456837309386	0.4179939668812771	0.49449474949917116	0.3058383153421162
PPARG	0.03376319797551493	0.05299773955752921	-0.8469047942842658	0.39795314118831615	0.47346607120507445	0.3247111372866059
KLF15	-0.11185226917930949	-0.07927392433210526	-0.8577532212440827	0.39190792139630415	0.46716020288114585	0.3305341616261496
MXD1	-0.16799947414866573	-0.1446243888725332	-0.8583021981152893	0.39168119689327496	0.46716020288114585	0.3305341616261496
SETBP1	-0.11650086574934876	-0.029782506322143586	-0.8662353957753046	0.38723919041647026	0.46335681754031843	0.334084442660439
ERF	-0.1799077928179613	-0.11798110863129875	-0.8823317665944626	0.37844202554622164	0.45456542148942713	0.34240360386730945
HAND2	-0.1048059016769513	-0.061488901651563614	-0.882921745224408	0.37808901373657056	0.45456542148942713	0.34240360386730945
FOXF2	0.011412244070307614	0.07293863449411411	-0.898841468304189	0.3696155464457487	0.4465297642032455	0.3501495871709519
CTCFL	0.16025541071492908	0.27352246535813	-0.914568890220959	0.3613014551411725	0.43902327979363404	0.3575124501044511
DDIT3	-0.02629602609706965	-0.005057636943007053	-0.9642072979963459	0.3358673680502182	0.41050456095026666	0.38668201324727103
ELF3	-0.10214387522301904	-0.006690888273932525	-0.9741886494382646	0.3310251885711184	0.40537654928533445	0.39214137851068
MYOG	-0.0013681140971846153	0.03799611319130776	-0.9769466754723642	0.32967887666834605	0.40451791716448726	0.39306223757868564
POU2F1	-0.14767600555276733	-0.11184415213557901	-0.989545447394135	0.32376092946708845	0.3980354956389499	0.4000781970902571
ATF1	-0.045660875892294436	5.643904417751125e-05	-0.9989718964854397	0.31902125077236043	0.3929790260005304	0.4056306280859162
SOX9	-0.02892767806929988	-0.008936493701644227	-1.003310622326946	0.3166511287288314	0.3908272789625537	0.4080151310089261
RBPJ	-0.07584992129798056	0.011799310420316884	-1.0079807180045584	0.3145449376271308	0.3889934435743807	0.4100577185803687
ZMYND11	0.303245322264101	0.4492553549558157	-1.0095268354189244	0.3136700478301872	0.38867810274610154	0.4104099258580928
GBX2	0.303245322264101	0.4492553549558157	-1.0095268354189244	0.3136700478301872	0.38867810274610154	0.4104099258580928
SOX17	-0.07034241650414239	-0.01648507098273658	-1.0316608642394727	0.3035683921124192	0.37915813118423675	0.42117962597418834
IKBKB	-0.027915975600886888	0.06036021734002332	-1.041777043495187	0.29848358311146683	0.3742777762253135	0.42680595955203493
MLLT3	-0.4011557584539449	-0.3195264894048719	-1.0630973107853223	0.28885922803287656	0.36452661313354745	0.4382707594855726
HIF1A	-0.008283099258823633	0.013986767947990099	-1.0671527475502003	0.2870882128704016	0.36364506963584203	0.4393222962940129
SRF	-0.16285472543086038	-0.10566270971991848	-1.0769697331046595	0.28277593851429206	0.35890792196044763	0.44501695563795457
ETV4	-0.12684521777840163	-0.07213811427748157	-1.0998058947725966	0.2727219078748808	0.34785548440227854	0.4586011450248321
THRA	0.15717465497517152	0.27617433069769703	-1.132910525505815	0.2584095287091505	0.33269563552492276	0.4779528963956057
MYBL2	0.09385239958511746	0.28691635740704413	-1.1361333289495172	0.2575382576300856	0.33225614718943136	0.47852697527386046
FLI1	-0.029572960669167803	0.007981984479015151	-1.136984381173538	0.25684541692690693	0.33204551837767143	0.47880237706339074
ZNF267	-0.05821935538860887	0.14095102562120987	-1.1775603832076325	0.23980484110092778	0.3112994521123845	0.5068216436759091
YY1	-0.00634071823817738	0.012683340263248763	-1.1887124773414224	0.2356924526829571	0.3078732663171127	0.5116280207266325
GFI1	0.05175125553040446	0.17284126129513902	-1.1914075698412114	0.2345824628346692	0.3070630567794104	0.5127724310397064
EHF	-0.3335917764106134	-0.07859671295196972	-1.2177036816516011	0.22454161817859922	0.29639493599575095	0.5281292206923356
ELL	-0.4296682005553548	-0.32978764106898045	-1.2478498545083214	0.21347703010519084	0.283580715838887	0.5473233055394405
SIRT1	-0.07031734010135192	-0.038309326710185165	-1.306426220240234	0.1926677309568741	0.25812535749991466	0.5881693295074842
BCL6	-0.06118797625330984	-0.020090659017594967	-1.3152897159514243	0.18989994609932961	0.25496202613336116	0.5935244982672936
HDAC1	-0.03430389415915304	-0.0002812469740079854	-1.3456493326697294	0.18000773962425662	0.24376858044148791	0.6130222717292373
MBD1	-0.1274356242747877	-0.053478644740894685	-1.3474379191818349	0.17907551093276167	0.24303105055160512	0.6143382357772711
IRF5	-0.03735661833299625	0.0034627211053595264	-1.3604405619464983	0.17474519084576493	0.23922540318841617	0.6211927047891198
ARNTL	-0.07933134652709334	-0.0002899160315136081	-1.36252920060406	0.17429338096834854	0.2391289931447583	0.6213677647482152
NR4A2	-0.26257604926737377	0.08359742571944828	-1.39190017585519	0.16541160749036277	0.2274409602992488	0.6431313196393507
DAXX	0.030379245618156716	0.09837992085672335	-1.424192174964587	0.15567245200751442	0.21546716867265242	0.6666188951113527
TOB1	0.1005556838914518	0.1782640402983121	-1.4515328115531625	0.14792413653599085	0.20565062884271898	0.6868699581581842
RFX5	-0.06502798089667644	0.2534093911388405	-1.4691897217111378	0.14306543976619301	0.19978180564232298	0.6994440660046253
PIAS2	-0.012641068468853033	0.08642993727628043	-1.4982264711200353	0.13567132607297147	0.1898792889458775	0.7215224032832539
LIMD1	0.016519311675597535	0.18174853949880324	-1.5101374731288493	0.13202708304502278	0.18519235138530044	0.7323769540458391
RELA	-0.043228599431763055	-0.024165854032600274	-1.5385006240028525	0.12537616178212824	0.1766536032300998	0.7528774997689609
SOX2	-0.071046358795352	-0.015325592972867856	-1.5571629634230186	0.12108619806847447	0.17176707282564138	0.765060085328297
SP1	-0.0470101628439671	-0.03119410143808764	-1.561968266525981	0.11988567881690235	0.1704497066172285	0.7684037419541772
HDAC5	-0.007924040502885962	0.05484919903771874	-1.5790599910672722	0.1156252306542996	0.16514127476138005	0.782144367313703
MED23	-0.10729651773202593	-0.03238490423398579	-1.5922114001954513	0.1123073115249639	0.16090514258508146	0.7934300754744127
NR2F6	-0.152682921173328	-0.0782027361092378	-1.61790087253079	0.10696540453150576	0.1538241023881975	0.8129756104768269
URI1	-0.3605210670607359	-0.18492405716299498	-1.6918581722412722	0.09212853883638922	0.13402457969934117	0.8728155460466444
FOXH1	-0.3605210670607359	-0.18492405716299498	-1.6918581722412722	0.09212853883638922	0.13402457969934117	0.8728155460466444
NCOA2	-0.3605210670607359	-0.18492405716299498	-1.6918581722412722	0.09212853883638922	0.13402457969934117	0.8728155460466444
HEYL	-0.3605210670607359	-0.18492405716299498	-1.6918581722412722	0.09212853883638922	0.13402457969934117	0.8728155460466444
ESRRG	-0.02593801454906826	0.10159114969000826	-1.717745272998414	0.087056053412551	0.12783172245824234	0.893361359174462
POU1F1	0.022064921606496445	0.08190135299573312	-1.7178398256187797	0.08699006046220603	0.12783172245824234	0.893361359174462
NFKB2	-0.10804386797333096	-0.01806694394303824	-1.7228674282334389	0.08585851937300114	0.12666656858087463	0.8973379944039159
IKZF1	-0.1489218380621784	0.06243645597429455	-1.7277119074371265	0.08522885771661146	0.126034183463008	0.8995116479306676
CTCF	-0.10329888620788816	-0.04023677837438058	-1.7721388421232394	0.07746888511230086	0.1163185614204591	0.9343509776251664
PAX8	-0.15799169266555543	-0.07729819656429467	-1.7730746123061454	0.0775457076136394	0.1163185614204591	0.9343509776251664
DACH1	-0.13347350927559323	0.01802914239097215	-1.7801226146586207	0.07650221456200462	0.11558286392861902	0.9371065487259578
HOXD9	-0.09517165324299823	-0.043228804289917454	-1.7880268424289363	0.07481269648496124	0.11367061306243699	0.9443517977082083
ARNT	-0.09363348867913512	-0.015163862171333453	-1.8062009034551476	0.07213314857525241	0.1101162225772197	0.9581486950448447
FOSB	-0.7466700254012721	-0.4443148487817028	-1.850893803228189	0.06531730914367918	0.10013191401732725	0.9994274822345164
SREBF1	-0.042045184165706795	0.03184797317329944	-1.8766060029271974	0.06149831101115754	0.09497399262067927	1.0223953042654814
ARNTL2	-0.5219612876913796	-0.22268485228082932	-1.894691544480471	0.059095149756047856	0.09148804665936297	1.0386356448296832
TBX21	-0.053992202816190916	-0.008538233104530148	-1.9035252020743552	0.057965046220093235	0.08996060391088727	1.0459476377819195
FOXO1	-0.004711386056406172	0.07471710641724756	-1.9135664681124893	0.05671783905516139	0.08824338731410966	1.0543178294029605
NFKB1	-0.04472128833826447	-0.01940256564359807	-2.0284913381832848	0.043748649044698246	0.06979746297970942	1.1561603629633286
TP73	0.25703794704821975	0.4295808224085666	-2.0325312452963273	0.043412140808977026	0.06961486518472787	1.1572980135737045
AATF	-0.18922715990987118	0.05671207917088164	-2.050228768072452	0.041710175188918265	0.06722951116568573	1.172440046544132
LMO2	-0.09211160212635726	-0.020806145206316986	-2.093792349451405	0.03719758650335409	0.06057892659117666	1.2176784262765026
SMAD3	-0.054143603772394355	0.028746680776565916	-2.115261106559942	0.035458471233969696	0.0582001608997356	1.23507581470113
KCNIP3	-0.056863547249901364	0.0305317787903654	-2.1394273141314493	0.033281439027825474	0.05491437439591203	1.260313959671836
ZNF143	-0.46621339201254763	-0.279291774934111	-2.1630900773950414	0.03176767180394248	0.05269399529384109	1.278238871681765
RFWD2	-0.3254905462444631	0.10216022395930338	-2.171587508269847	0.031009969124314564	0.05171077298123732	1.2864189702732423
HMGA1	-0.07638699918255482	-0.002611554622937908	-2.1773706538949633	0.030454786466816666	0.051056553782604416	1.291948502569537
EAF1	-0.11738758726123062	-0.048266412033932615	-2.197415488057887	0.028881972945524814	0.04894323523471367	1.3103073263993334
BTF3	-0.04814098509035918	0.02442001511353787	-2.197911711481873	0.028796781847642686	0.048931117123230256	1.3104148689546289
KLF13	-0.1459377202724618	0.041810822464967756	-2.2220795604885293	0.02740973260012994	0.046828071771884125	1.3294937246879486
TCF4	-0.2663841631114732	-0.1715883141362783	-2.228680807369846	0.026960986587426954	0.04618726390796912	1.3354777642065017
LMX1B	-0.2095686170929685	-0.037972483982902885	-2.270227454735577	0.024116960689862563	0.04165656846430806	1.3803165087136868
HOXC6	-0.2871995356679663	0.0989752125289265	-2.3490017071969915	0.019759961678219282	0.03460753064872483	1.460829387816308
SATB2	-0.1550989696684303	-0.023975989756161217	-2.352037903940985	0.01933184236567964	0.03414384553036939	1.4666875670359645
GCM2	-0.135959107510418	-0.08261904607620749	-2.353252470740088	0.019450332547800157	0.03416066808815322	1.4664736443015012
HSF4	-0.20443902013286402	-0.058184991502439005	-2.36202870666073	0.01884973732698319	0.03357609461368881	1.4739698200014428
KLF12	-0.2854880333542827	-0.13112850428584294	-2.3708563863462455	0.018356358264704446	0.03288410466277054	1.4830139782022203
EGR1	-0.06609030918025831	-0.01986266134140051	-2.388462437323365	0.017840361151552794	0.032051307856801145	1.4941542443541138
MEF2C	-0.09070602578905712	-0.03140640160488665	-2.394865982475049	0.017416786246034054	0.03147067716502407	1.5020939121274768
SND1	-0.7389641930722932	-0.3683407293062622	-2.401705219920972	0.017138539531576485	0.031057411232076462	1.5078347473994727
TAL1	-0.1678811366424897	-0.05624854624861217	-2.4132209072580957	0.01656200697400146	0.030275155605536196	1.5189136160312502
FOXG1	-1.6610636576525695	-1.116543053624719	-2.4490707496379103	0.015148438293772187	0.027772136871915678	1.5563907030377215
NFIA	-1.6610636576525695	-1.116543053624719	-2.4490707496379103	0.015148438293772187	0.027772136871915678	1.5563907030377215
KLF16	-1.6610636576525695	-1.116543053624719	-2.4490707496379103	0.015148438293772187	0.027772136871915678	1.5563907030377215
CBX8	-1.6610636576525695	-1.116543053624719	-2.4490707496379103	0.015148438293772187	0.027772136871915678	1.5563907030377215
ZBTB17	-1.6610636576525695	-1.116543053624719	-2.4490707496379103	0.015148438293772187	0.027772136871915678	1.5563907030377215
ZBTB5	-1.6610636576525695	-1.116543053624719	-2.4490707496379103	0.015148438293772187	0.027772136871915678	1.5563907030377215
DEAF1	-0.1260980550814335	-0.03253588803680215	-2.4711537414326212	0.014170269957533278	0.026521669442905568	1.5763991421442531
XBP1	-0.36059342795066546	-0.2137796621849883	-2.500974966006227	0.013185239438182738	0.024826261644866596	1.6050886718766517
LHX2	-0.026814993750938324	0.08768989515543998	-2.5263587562369145	0.012075197453408364	0.02301261034433752	1.6380341160622036
CREG1	-0.0008829748110422806	0.12493598043737279	-2.5394862054645357	0.011640017737260998	0.02231893309254632	1.6513265697297286
JUN	-0.06482002638446883	-0.012622596167352482	-2.5581628685308595	0.011263019399216657	0.021662310316898293	1.6642952271024951
CDCA7L	-0.6846839198604353	-0.19444852814523478	-2.5600763638473247	0.011024510748628463	0.021334469874660634	1.6709181441508139
ZNF76	-0.8888047636647254	-0.596927698414234	-2.567858945631796	0.010924526354070593	0.021206433510842917	1.6735323648073712
ZBTB2	-0.4578276122021431	-0.29669285950634194	-2.5855262993893176	0.010270630771326793	0.020061325525301866	1.6976403749394517
NFKBIA	-0.10710886156646572	-0.017761095932486436	-2.589326892999109	0.01015240696567415	0.01989237239836779	1.701313419083773
NFKBIB	-0.21358151028736336	-0.0799907091628596	-2.626032154524622	0.009116896579024371	0.017975767783170695	1.7453125509104106
CITED2	-0.3075108766260022	0.12171860140292964	-2.6509777892195756	0.008521720658200905	0.017016302078636837	1.769134813307455
MYOD1	-0.2667781361248095	0.06322460454181544	-2.695600975505861	0.0076893235979951825	0.015452582999817242	1.81099891502196
NOTCH3	-0.25192885172831614	0.1202207567338328	-2.6970307898796406	0.007425811906064655	0.014971009855635172	1.8247489037359246
EAPP	-0.41468016502124394	-0.16508317085336482	-2.7137351125680023	0.007069097381744833	0.014297819543077451	1.8447301885917815
TRERF1	-0.1952721333540064	-0.04288067341486114	-2.7211312937790506	0.00688239649672202	0.01401059286832697	1.8535434868416267
NPM1	0.02968381031266277	0.17859193824933253	-2.748624680225669	0.006441372460567726	0.01324177223860972	1.8780538863509155
SOX11	-0.19226587862410902	-0.03017581849220399	-2.792402495094407	0.005608884145275295	0.011644934963866259	1.9338629326263277
SNAI2	-0.22543894217257884	-0.08310874585097315	-2.796535067241693	0.005556762126326671	0.01157504934620207	1.9364771488423997
RELB	-0.2624453821229763	0.023516430480658046	-2.802959177063737	0.005429833713113397	0.011348352460407	1.9450671842233167
HOXA7	-0.2666106790490261	-0.07151761457796654	-2.8223353993463323	0.005172282510840702	0.010882621256030603	1.9632664851600785
KLF5	-0.4334934146177916	-0.24707822433451238	-2.836156876045401	0.0049420818110682075	0.010433283823366217	1.9815789780636166
TAF4	-0.05883321349214826	0.02570120478285386	-2.8493924531132704	0.004684082058085664	0.009922025170336862	2.0033996755739167
PAX4	-0.10978878717403329	0.1490997937123337	-2.8702506449609637	0.004402859352550011	0.0093579417425385	2.028819662816933
RFX3	-0.25051058107385205	-0.08100911420684608	-2.9168939772558575	0.00393258907785402	0.008502528799360243	2.070451888371182
HES6	-0.13106559292843872	0.16758045180143302	-2.962403591562791	0.0033384102654258063	0.007344502583936774	2.134037612040722
HLF	-0.017977786763287432	0.07668137017625737	-2.9656523315168752	0.003302191319863754	0.007316162394185773	2.135716663212565
NFE2L2	-0.0838172836177734	-0.018869674449736796	-2.9666849807520737	0.003335309864987074	0.007344502583936774	2.134037612040722
SALL4A	-0.09645705195105274	0.3325888639726946	-2.9927596729191492	0.0030226505105050098	0.006817272913980724	2.166389319663948
MAX	-1.0068284673972407	-0.32625364336640195	-3.0332843911674177	0.0027275999154676585	0.006174025801437624	2.2094315599205623
ESRRA	-0.019750780741328335	0.14515624597556448	-3.06398116455435	0.002407996292925048	0.00551026888928469	2.258827207993351
HDAC7	-0.018790259793884823	0.10382452139073395	-3.083788565767835	0.002260805131247545	0.005250091915897076	2.2798330931240507
E2F3	-0.022833979748040977	0.37705521857462426	-3.09501645519447	0.0022691913109327733	0.005250121593929331	2.2798306381252775
ILF3	-0.44244927460257577	-0.18256958710098836	-3.1178521387305587	0.00206070165237483	0.004803196788249139	2.3184696198361703
ZNF300	-0.5577223579457785	-0.22013050092883743	-3.140410087632807	0.0019475143700339564	0.004573376441989852	2.3397630496688833
APEX1	-0.127455483431068	0.016535573217706188	-3.142211427683071	0.0019128653383647296	0.004508896869002577	2.345929698101129
POU2AF1	-0.5875067828514636	-0.2674624525655934	-3.1899941015048907	0.0016072043220152525	0.0038758350380906277	2.4116347155148596
GATA1	-0.13899295674213902	-0.06969704469341442	-3.2007237510494733	0.0015303194959982098	0.0037046730656018433	2.4312501121299825
MLLT10	-0.8417130481684585	-0.4987651607710211	-3.236455581378952	0.0013991141488384866	0.003426736606725512	2.46511927597335
MEN1	-0.06930841093883297	0.1026315995862544	-3.271342422931106	0.0012568171434785766	0.003090291564553206	2.510000543583919
FOXP1	-0.5300505281484704	-0.1539331859922669	-3.278548855867343	0.0011921099779055296	0.0029427281738061695	2.5312498527723695
RREB1	-0.5300505281484704	-0.1539331859922669	-3.278548855867343	0.0011921099779055296	0.0029427281738061695	2.5312498527723695
SIX1	-0.28455222183568785	0.04463032168920778	-3.2940841279933277	0.001128111001146657	0.002818030269796629	2.5500543462390683
MYB	-0.17517109928218766	-0.07472002180425165	-3.3183659150488087	0.0010295865360679117	0.002603027250462019	2.5845212853431896
ARID3A	-0.19685212533582158	-0.05919208135434009	-3.391719190566197	0.0008050193201936013	0.002077148616302008	2.6825324293527917
SP2	-0.006951499908711124	0.277502827064975	-3.3939039173684633	0.0007971340696188723	0.0020653019076488964	2.685016453817698
SP3	-0.07665437940679819	-0.017654750079668765	-3.4053679517627202	0.0007824981866419812	0.002044276512602176	2.6894603610934498
FOXA1	-0.19450984193131815	-0.06443941576822419	-3.429904781375952	0.0007135492223059907	0.0018953636138348542	2.722307460981663
YEATS4	-0.45043567976114685	-0.009330214631737327	-3.491439852236001	0.0005792786653276701	0.0015860599264648436	2.7996804076607056
RUVBL1	-0.45043567976114685	-0.009330214631737327	-3.491439852236001	0.0005792786653276701	0.0015860599264648436	2.7996804076607056
PAX2	-0.45043567976114685	-0.009330214631737327	-3.491439852236001	0.0005792786653276701	0.0015860599264648436	2.7996804076607056
AR	-0.05769141168747565	0.004486123638981761	-3.5513481099112147	0.0004643760888944902	0.0013115486834993034	2.8822155841565875
BMI1	-0.2838657014361612	0.16825031451075156	-3.5570515012585693	0.0004714450740233141	0.0013255428762897665	2.877606219922673
PIAS4	-0.46250190907950617	-0.010666842231665077	-3.5740484496907654	0.00045811745910544053	0.0012997269088647564	2.886147889564088
NKX2-2	-0.22880950115936546	-0.05888010858598331	-3.578146206303141	0.00040821227507822303	0.0011687173354979262	2.9322905140541815
THRB	-0.3013235251009144	0.296706255230667	-3.618514436631348	0.00035467956111114116	0.001029555948225396	2.987350047933422
SREBF2	-0.1265349046158323	-0.013886774704619938	-3.621547522389002	0.00036510090222729394	0.0010549228833940706	2.9767792868501974
NR0B1	-0.09739968765148409	0.0695776888870903	-3.631839023911542	0.00033417961155856295	0.0009745610067312511	3.011190969211886
STAT5	-0.7647249522358452	-0.2447922453692336	-3.654354541501984	0.00030978549998935144	0.0009119037957433021	3.0400509765637462
ESR1	-0.148861851985674	-0.06830256044322607	-3.7604031944242657	0.00021262860050899583	0.0006378858015269875	3.1952570645482496
FOXE1	-0.7469335512597237	0.06730432999392934	-3.836903741444581	0.00015905339310516686	0.0004936954330541566	3.306540890217278
HOXA1	-0.5392488853870363	-0.05561647940159952	-3.844187163571758	0.00017455301815285664	0.0005364938352051035	3.2704352641021086
STAT4	-0.03799671444128149	0.21626205915337252	-3.862455879841672	0.0001470203511142326	0.00045861572213245686	3.33855106099219
NRF1	-0.11759149467764023	0.08121819323894244	-3.8625896040715912	0.0001430502549143835	0.00044900064246255594	3.347753037576313
MTF1	-0.138575343655805	0.07030885269959125	-3.894187539066673	0.00012512284348132596	0.00039823361859284964	3.3998620799362578
ELF2	-0.29353863052198537	-0.06445462843532093	-3.9198894193535856	0.0001199810903394173	0.0003857853520144341	3.4136542662205747
JUNB	-0.20828254859969358	-0.01895787038610651	-3.9577735687066093	0.00010022036838228189	0.0003255863781123873	3.487333773421585
GLI3	-0.46884772294425076	-0.25055446591031516	-3.9805992230171983	9.134052120951162e-05	0.0002995106806806328	3.5235876858691464
PPARD	-0.10674894403714234	0.11211555004293029	-3.997963233601041	8.372661183697472e-05	0.0002777597122845669	3.556330746364236
PPARA	-0.13704669961712423	0.004274215607395824	-4.0277054827495915	7.238858548897439e-05	0.00024142363351907948	3.6172202180641504
HDAC3	-0.23785187554417875	-0.023262550725003543	-4.1051693245196015	5.391013513118629e-05	0.00018271164717434488	3.7382337671394135
RNF14	-1.478886275423605	-0.4371457466386787	-4.112421971561741	6.1011130134725643e-05	0.00020566655158318805	3.6868363337016574
FOXP2	-0.2613227180990448	0.04821881916928228	-4.157852238933777	4.446361994576509e-05	0.00015245884261148892	3.816847381492077
GTF2I	-0.4656367535920921	-0.11197658466826445	-4.1991094756553595	3.895243528475418e-05	0.00013568431624189374	3.867470349563912
ELF4	-0.2646879306615739	0.2276075457913515	-4.20934229060376	3.5469737117489404e-05	0.00012424315738919473	3.9057275204211535
IRF4	-0.2811042042633058	-0.06401081211740557	-4.232286379392659	3.199783879025323e-05	0.00011334827639259196	3.945585079497566
EGR2	-0.5574182499693914	-0.17986005230675584	-4.288086414505438	2.541289149839519e-05	9.053342596303287e-05	4.043191044760534
ID2	-0.38571845277448535	-0.09810319462862647	-4.314374955424549	2.3542506908998798e-05	8.434943903966998e-05	4.073917801311797
FOXI1	-0.17246025599468176	0.0823758463606457	-4.331309329843718	2.0346801274812473e-05	7.37424531751874e-05	4.132282418903409
PER2	-0.5587696649385215	0.01128570630798422	-4.340641978423816	1.935755880886573e-05	7.139523160681656e-05	4.146330793209841
SUZ12	-0.5587696649385215	0.01128570630798422	-4.340641978423816	1.935755880886573e-05	7.139523160681656e-05	4.146330793209841
RBBP7	-0.5326561119040839	0.08656018878155676	-4.347671532727594	1.9186573558856912e-05	7.139523160681656e-05	4.146330793209841
TCF12	-0.5326561119040839	0.08656018878155676	-4.347671532727594	1.9186573558856912e-05	7.139523160681656e-05	4.146330793209841
ZNF217	-0.5326561119040839	0.08656018878155676	-4.347671532727594	1.9186573558856912e-05	7.139523160681656e-05	4.146330793209841
JUND	-0.15165337669079357	0.03299809974193321	-4.385038693386151	2.2012006181308004e-05	7.931912572229953e-05	4.100622081356215
STAT5A	-0.2899848052909205	-0.06395817627980152	-4.4073407181518265	1.583434424240293e-05	6.090879656433519e-05	4.215319981201776
HOXB7	-0.39876818432309535	-0.1248737615598753	-4.46287086052737	1.3195626063902304e-05	5.1389177279917666e-05	4.289128335139346
FOXL2	-0.38548040142613127	-0.013762659462308981	-4.482778530100959	1.1818252745255307e-05	4.6899015640981504e-05	4.3288362725552005
DENND4A	-0.48122692124222216	-0.007649149065268779	-4.48848758038925	1.2414443552036171e-05	4.895506985614264e-05	4.31020232538216
NR2F1	-0.07191340429751567	0.14833897118306516	-4.502783158799475	9.78062966791391e-06	4.034509738014488e-05	4.394209231948371
NFIL3	-0.7672191262710772	-0.1117095387224799	-4.545854307251407	8.827369598840504e-06	3.714604522465098e-05	4.430087416857304
RAD51	-0.384367885171703	-0.10625445714012426	-4.551096135139493	8.352715973601999e-06	3.538616834762469e-05	4.451166460690355
SMURF2	-0.7021433525405646	-0.11124758900606342	-4.593731832678924	6.75044945368779e-06	2.89899438867277e-05	4.537752625269635
TBX3	-1.014522414190319	-0.5024101242814147	-4.643379207652215	5.493156246849518e-06	2.375316528810102e-05	4.624278509173453
TBX2	-1.014522414190319	-0.5024101242814147	-4.643379207652215	5.493156246849518e-06	2.375316528810102e-05	4.624278509173453
DEK	-0.23271278032262058	-0.016620048973163958	-4.7017633250343795	3.8135606287683166e-06	1.7079303673126677e-05	4.767529839565238
MTA2	-0.2843181600115612	0.07058208679385489	-4.732554715380717	3.454926881053692e-06	1.569738517696134e-05	4.804172685029892
SALL3	-0.865188690445708	-0.15175834678735736	-4.742525112269534	3.4113008976754122e-06	1.5612304108339296e-05	4.806532997790011
ZNF202	-0.41522528027086025	-0.08025365326830723	-4.767985967715527	3.2443189148092237e-06	1.5068058959891726e-05	4.821942689112151
PTTG1	-0.29551673033411335	-0.04829984222822542	-4.8373909274986655	2.746473204601514e-06	1.285103506929216e-05	4.8910618912604455
HEY1	-0.2822021902746132	0.06252068224618446	-4.87750049679169	1.8802178187098857e-06	8.931034638871957e-06	5.049098226226293
NRIP1	-0.5999091519389417	-0.0838140097062711	-4.940299219247035	1.5217354500330328e-06	7.396342071090788e-06	5.130983011499918
TNFAIP3	-0.36380059136048987	-0.06322416666046368	-4.956059568158028	1.5187103710480346e-06	7.396342071090788e-06	5.130983011499918
TRIB3	-0.7853578587080405	0.008268451351586265	-5.004694221309702	1.2418379048451351e-06	6.2290589307031975e-06	5.205577560415287
HDAC4	-0.1973761628465264	-0.011631214737462599	-5.048431271305845	7.807766433438588e-07	3.980056547777232e-06	5.400110757520997
TSC22D1	-0.39952494965268665	0.16130141433968717	-5.05599812904975	8.663340754927729e-07	4.380576333338457e-06	5.358468747504445
SFPQ	-0.3134532473060869	-0.02779263071743593	-5.092692203265284	7.668904219901647e-07	3.941313890064207e-06	5.4043589761229
POU2F2	-1.2504312416980832	-0.47967384774849225	-5.175803162687442	5.685348668184362e-07	2.970594679126329e-06	5.527156601184335
ATF5	-0.27463755696545916	0.008144046536618734	-5.197727826206516	3.5710707612262965e-07	1.964088918674463e-06	5.706838854626713
NR1I2	-0.30667007451857337	-0.08637439050042342	-5.211385864109306	5.122943458920835e-07	2.699231553565852e-06	5.568759857895348
MZF1	-0.39436497777978474	-0.004747196878690475	-5.22700814411728	3.633860286224665e-07	1.9812438256198827e-06	5.703062073878371
SNAI1	-0.2673492523470812	0.07190623618471191	-5.23967570886326	3.543072983802669e-07	1.964088918674463e-06	5.706838854626713
MED1	-0.7263878007378938	-0.32952209547272504	-5.2939046497880975	3.3158314980203204e-07	1.8562735261238758e-06	5.731358029122667
PER1	-0.3182887778811923	-0.027702297216475224	-5.3061783695933995	2.2037432605711893e-07	1.2913523592319025e-06	5.888955239692875
PBX1	-0.353849759194727	-0.06711818094316103	-5.3370137986367485	2.290651061222179e-07	1.329850199431765e-06	5.876197277246619
HDAC10	-1.2712774738905939	-0.3147111791878837	-5.359245932242315	1.901603589118631e-07	1.1248164626201713e-06	5.948918336018439
POU3F2	-0.25980424762142706	-0.0555976522479161	-5.359820927043679	1.5836424740916088e-07	9.547536838994602e-07	6.020108657234172
ZNF383	-1.113552683894868	-0.19849189118503252	-5.434501918220381	1.7282499142716317e-07	1.03201209166506e-06	5.986315214227559
ZNF24	-0.5243663674708986	0.031595276785409736	-5.51330810032846	9.60596070423438e-08	5.847512001509666e-07	6.233028878166253
CEBPD	-0.4545735187623584	-0.1526458981083114	-5.538807093460754	8.637094815403982e-08	5.415458449258297e-07	6.266364771992434
SERTAD1	-0.7711150019272076	0.024258925474567018	-5.583480826557651	6.979649948577972e-08	4.420444967432716e-07	6.35453401183324
ZEB2	-0.42855412290691525	-0.04249358859675494	-5.633438845988636	4.963780923535016e-08	3.175806774547403e-07	6.498145929198545
SALL4	-0.37965709782643137	-0.04704116275021935	-5.660581595527401	4.027739109537256e-08	2.6865876826381487e-07	6.570798980718036
EHMT2	-0.4211619262896881	0.059623218258714236	-5.693372925408553	3.302874432219234e-08	2.2267766333349032e-07	6.652323344607311
HIPK2	-0.15362738385729283	0.2673826634113901	-5.732228498574967	2.8641129646035698e-08	1.95195524870265e-07	6.709530143362096
WWP1	-0.2544894988367921	0.10299308864440844	-5.778158644604497	2.078205486276426e-08	1.43708939632188e-07	6.842516215079618
HEY2	-0.527301987041867	0.053454574605671	-5.794437794866437	2.0317129394252634e-08	1.4313303517074608e-07	6.844260119303884
SSB	-0.534016075160408	-0.06250139123013065	-5.795124649068533	1.8204889497619387e-08	1.2970983767053813e-07	6.887027084178014
POU4F2	-1.3800004448494698	-0.41228548653579977	-5.892839991184797	2.0857278319823136e-08	1.43708939632188e-07	6.842516215079618
AHR	-0.3790432310097657	-0.008082339855213531	-5.943920692543814	1.1161987189216837e-08	8.137867404231345e-08	7.089489390678333
L3MBTL1	-0.1193058477042096	0.12675262441924828	-6.042314476117909	4.511502809235111e-09	3.6265541812697624e-08	7.4405058297283055
TLE3	-0.1193058477042096	0.12675262441924828	-6.042314476117909	4.511502809235111e-09	3.6265541812697624e-08	7.4405058297283055
CREB1	-0.15918437476320965	-0.011549128309752835	-6.047944421775043	7.995476763571215e-09	6.039956543083317e-08	7.218966186075393
PITX1	-0.18499241109148018	0.004827610197438064	-6.054461608134511	5.208215611176793e-09	4.031544676799813e-08	7.3945285230703535
TEAD4	-0.8888186672666638	0.18749128140680166	-6.10538321843593	3.233885856679026e-09	2.8161756001913182e-08	7.5503402686292045
TRAF6	-0.8888186672666638	0.18749128140680166	-6.10538321843593	3.233885856679026e-09	2.8161756001913182e-08	7.5503402686292045
ZFP36L1	-0.8888186672666638	0.18749128140680166	-6.10538321843593	3.233885856679026e-09	2.8161756001913182e-08	7.5503402686292045
HTATIP2	-0.8894612598303282	-0.08968308297369422	-6.11652288604016	3.783047609238335e-09	3.1626278013232485e-08	7.499951915685529
GFI1B	-1.4002276151573576	0.06897969135692973	-6.1548003375242315	4.575883794289529e-09	3.631745745594348e-08	7.439884563551426
HSF1	-0.46468904514908727	-0.15736008614745112	-6.228058594821048	1.948351027454123e-09	1.8594078703277195e-08	7.73062533513212
TSC22D3	-1.077967169761941	-0.42879682239627265	-6.234120128473383	3.6270742140324293e-09	3.073210178646396e-08	7.51240773707361
ZFP36	-0.3547052871312407	-0.045091278513754676	-6.254929072773987	1.7541404292289983e-09	1.7185094517602844e-08	7.764848074911075
MYC	-0.1157829999826807	-0.00975843531601059	-6.261649250712145	1.957271442450231e-09	1.8594078703277195e-08	7.73062533513212
PARP1	-0.25279607547438343	-0.0445239629600817	-6.275941375931994	1.386886543680738e-09	1.3802823220441633e-08	7.860032074203352
PGR	-0.21831128625135032	-0.012740754307184144	-6.380350456043846	9.164236768004915e-10	9.576627422565137e-09	8.018787408421241
PHB2	-0.8317411367768264	-0.25223126520973443	-6.598195339288857	2.789455595082055e-10	3.1799793783935426e-09	8.497575696329697
GTF3A	-1.0551219333447752	0.26189769002481095	-6.765385291498087	1.0631348046094044e-10	1.3070304362550914e-09	8.883714299073066
FOXM1	-0.33904373895781315	0.02077782888267825	-6.766220448163113	1.2344494936322198e-10	1.4884612163603882e-09	8.827262476932681
ZEB1	-0.34285088637915256	-0.03715451069769407	-6.792237570654956	7.921538215555423e-11	9.9336089223065e-10	9.002892941806824
ELK1	-0.5228216562213697	-0.0543539659933996	-6.8114007233855824	1.7027090467836914e-10	1.9770343932099526e-09	8.703985775475719
PITX2	-0.22542469400354204	0.09008866964996702	-6.8436462591854985	6.335424008620585e-11	8.106756843683891e-10	9.091152853136668
HES1	-0.362633784605681	-0.042781642876253516	-6.84448350159566	5.092851918865538e-11	6.65253781901811e-10	9.177012647848473
NKX2-5	-0.6447206110831967	0.05010925607520448	-7.066209930803514	2.4958348461296093e-11	3.5565646557346934e-10	9.448969291739484
CEBPZ	-0.5171190794552246	0.10461909294589251	-7.067088837788771	1.5571831392036915e-11	2.3246519720969394e-10	9.633642056929512
CDX1	-0.9280194369717383	-0.07095421890894017	-7.171064247842779	1.73324963794883e-11	2.5273198209160843e-10	9.597339796595985
FOSL2	-0.44419582644593186	-0.10649760821241193	-7.22740083729276	1.53767397228884e-11	2.3246519720969394e-10	9.633642056929512
PIAS3	-0.7821105264601139	-0.15952882639899532	-7.253865402281397	9.295909013397032e-12	1.500661809459747e-10	9.823717169738131
CHD8	-1.919748421133369	-0.6750401299017565	-7.4785051209101345	1.8145277515751198e-12	3.447602727992728e-11	10.462482784315075
TCF7L2	-0.9644440350947038	-0.2938326726034996	-7.858498851414392	2.1710502723550632e-13	4.693960416436637e-12	11.32846057707139
POU4F1	-1.281114614275336	-0.38742522643292004	-7.982124976569204	1.7164336297658761e-13	3.843585306654301e-12	11.415263475516245
EZH2	-0.3279958112865321	-0.10394784287569239	-8.063726605178264	4.2982162802001894e-14	1.0779926430742074e-12	11.967384203048333
JDP2	-2.144092846317182	-0.551811784380807	-8.319268965454931	8.892853324698128e-15	2.7879095172928636e-13	12.554721325544651
SATB1	-0.5006501027257351	-0.15206445973316476	-9.351810488976609	3.0223204410782785e-18	2.3687436456951007e-16	15.625481937708752
TP53BP1	-1.4638372037309422	-0.3080876305149532	-9.433786088604627	1.2318092330780935e-17	5.941110685692035e-16	15.226132356437066
HCFC1	-0.4845911046370971	-0.08468701492882577	-9.517625707548117	6.759528591870103e-18	4.709138252336172e-16	15.327058559218495
MYCN	-0.5716603192221535	-0.12383482164187508	-10.203312288037734	1.328901112335589e-19	1.1903157106205918e-17	16.92433783424143
E2F1	-0.34211582842939564	-0.10493597449126149	-10.372865152935256	7.972768865746911e-20	8.331543464705522e-18	17.07927453567476
TFDP1	-1.2490971139475868	-0.3080599640289862	-10.454896654961352	3.6141779960004095e-20	4.5321792069845135e-18	17.343692926022726
