	TFAs Ave.(E)	TFAs Ave.(NE)	TTS	p_val	FDR_A375	negLog10_FDR	TFAs Ave.(E)	TFAs Ave.(NE)	TTS	p_val	FDR_HT29	negLog10_FDR
AATF	-0.189	0.057	-2.050	4.171e-02	6.723e-02	1.172	-1.089	-0.174	-5.347	6.525e-07	4.133e-06	5.384
ABL1	0.315	0.121	4.972	1.279e-06	6.366e-06	5.196	-0.001	-0.034	0.925	3.566e-01	4.375e-01	0.359
AES	0.554	0.118	4.331	2.009e-05	7.323e-05	4.135	0.066	-0.067	1.119	2.649e-01	3.397e-01	0.469
AHR	-0.379	-0.008	-5.944	1.116e-08	8.138e-08	7.089	-0.358	0.070	-5.710	8.902e-08	7.156e-07	6.145
AIP	-0.108	-0.148	0.631	5.282e-01	5.904e-01	0.229	-0.053	0.077	-1.725	8.686e-02	1.332e-01	0.876
ANKRD1	0.180	0.051	2.719	6.944e-03	1.409e-02	1.851	-0.083	0.032	-2.030	4.437e-02	7.301e-02	1.137
APBB1	0.897	0.275	5.251	4.130e-07	2.213e-06	5.655	1.144	0.431	6.008	2.076e-08	2.100e-07	6.678
APC	0.096	0.015	1.421	1.570e-01	2.164e-01	0.665	0.682	0.114	6.160	1.543e-08	1.637e-07	6.786
APEX1	-0.127	0.017	-3.142	1.913e-03	4.509e-03	2.346	-0.282	-0.056	-4.873	3.245e-06	1.920e-05	4.717
AR	-0.058	0.004	-3.551	4.644e-04	1.312e-03	2.882	-0.053	-0.009	-2.577	1.104e-02	2.205e-02	1.657
ARID3A	-0.197	-0.059	-3.392	8.050e-04	2.077e-03	2.683	-0.164	-0.020	-3.577	4.561e-04	1.423e-03	2.847
ARNT	-0.094	-0.015	-1.806	7.213e-02	1.101e-01	0.958	0.159	0.062	1.989	4.886e-02	7.916e-02	1.101
ARNTL	-0.079	-0.000	-1.363	1.743e-01	2.391e-01	0.621	0.069	0.050	0.253	8.003e-01	8.476e-01	0.072
ARNTL2	-0.522	-0.223	-1.895	5.910e-02	9.149e-02	1.039	-0.595	-0.275	-2.234	2.692e-02	4.742e-02	1.324
ASCL1	1.161	0.340	6.175	4.132e-09	3.409e-08	7.467	1.073	0.204	5.547	1.908e-07	1.408e-06	5.852
ATF1	-0.046	0.000	-0.999	3.190e-01	3.930e-01	0.406	0.046	0.022	0.620	5.361e-01	6.123e-01	0.213
ATF2	0.093	-0.044	3.434	6.936e-04	1.851e-03	2.733	-0.015	-0.085	1.397	1.652e-01	2.297e-01	0.639
ATF3	0.164	0.131	0.573	5.675e-01	6.309e-01	0.200	-0.056	0.151	-3.573	4.911e-04	1.496e-03	2.825
ATF4	0.447	0.110	6.224	2.346e-09	2.164e-08	7.665	0.157	0.081	1.610	1.099e-01	1.637e-01	0.786
ATF5	-0.275	0.008	-5.198	3.571e-07	1.964e-06	5.707	0.261	0.108	2.360	1.949e-02	3.594e-02	1.444
ATF6	0.080	0.032	1.421	1.565e-01	2.162e-01	0.665	0.160	0.077	1.918	5.731e-02	9.190e-02	1.037
ATF7	0.154	-0.012	2.173	3.073e-02	5.138e-02	1.289	-0.231	-0.156	-0.993	3.223e-01	4.010e-01	0.397
ATM	-0.022	-0.003	-0.811	4.180e-01	4.945e-01	0.306	-0.068	0.057	-3.930	1.408e-04	5.103e-04	3.292
ATOH1	1.151	-0.055	7.309	3.112e-12	5.576e-11	10.254	1.281	0.182	4.745	5.719e-06	3.013e-05	4.521
BACH1	0.055	-0.033	1.063	2.889e-01	3.645e-01	0.438	0.095	-0.044	1.825	7.029e-02	1.102e-01	0.958
BACH2	0.356	-0.082	2.409	1.679e-02	3.053e-02	1.515	0.140	-0.012	0.779	4.378e-01	5.199e-01	0.284
BARD1	0.005	-0.101	1.575	1.166e-01	1.661e-01	0.780	-0.096	-0.060	-0.555	5.796e-01	6.536e-01	0.185
BCL11A	-0.022	-0.162	2.019	4.430e-02	7.050e-02	1.152	-0.309	-0.179	-1.473	1.432e-01	2.022e-01	0.694
BCL3	0.064	0.032	0.667	5.052e-01	5.695e-01	0.245	0.066	-0.048	1.951	5.332e-02	8.573e-02	1.067
BCL6	-0.061	-0.020	-1.315	1.899e-01	2.550e-01	0.594	-0.174	0.003	-5.339	4.477e-07	2.986e-06	5.525
BHLHE41	0.727	0.258	3.542	5.103e-04	1.429e-03	2.845	0.929	0.144	7.286	2.123e-11	5.789e-10	9.237
BMI1	-0.284	0.168	-3.557	4.714e-04	1.326e-03	2.878	-0.214	0.152	-2.243	2.666e-02	4.712e-02	1.327
BRCA1	0.261	0.055	7.580	8.217e-13	1.662e-11	10.779	0.141	0.051	2.999	3.270e-03	7.825e-03	2.107
BRD7	0.093	0.114	-0.355	7.228e-01	7.720e-01	0.112	0.076	0.128	-0.672	5.032e-01	5.810e-01	0.236
BTAF1	0.539	0.063	7.004	3.483e-11	4.747e-10	9.324	0.635	0.127	5.482	2.592e-07	1.826e-06	5.738
BTF3	-0.048	0.024	-2.198	2.880e-02	4.893e-02	1.310	0.089	0.021	2.049	4.180e-02	6.951e-02	1.158
BTG2	0.111	0.034	1.196	2.331e-01	3.058e-01	0.515	0.174	-0.058	3.849	1.722e-04	6.031e-04	3.220
CBFA2T3	-0.270	-0.314	0.308	7.585e-01	8.033e-01	0.095	-0.661	-0.231	-2.953	3.554e-03	8.440e-03	2.074
CBX7	0.812	0.113	7.521	6.468e-13	1.352e-11	10.869	0.948	0.237	6.182	9.611e-09	1.137e-07	6.944
CBX8	-1.661	-1.117	-2.449	1.515e-02	2.777e-02	1.556	-0.802	-0.242	-2.613	1.029e-02	2.068e-02	1.684
CDCA7L	-0.685	-0.194	-2.560	1.102e-02	2.133e-02	1.671	-0.407	0.193	-2.752	6.716e-03	1.447e-02	1.839
CDX1	-0.928	-0.071	-7.171	1.733e-11	2.527e-10	9.597	-1.535	-0.386	-7.095	1.583e-10	3.101e-09	8.508
CDX2	0.292	0.073	4.923	1.615e-06	7.789e-06	5.109	0.348	0.057	4.829	4.539e-06	2.496e-05	4.603
CEBPA	0.037	-0.056	2.326	2.091e-02	3.641e-02	1.439	0.226	0.009	4.168	5.609e-05	2.269e-04	3.644
CEBPB	0.044	0.020	0.706	4.812e-01	5.476e-01	0.262	0.008	-0.037	1.429	1.554e-01	2.174e-01	0.663
CEBPD	-0.455	-0.153	-5.539	8.637e-08	5.415e-07	6.266	-0.140	-0.070	-1.269	2.065e-01	2.772e-01	0.557
CEBPE	-0.035	0.026	-0.785	4.334e-01	5.070e-01	0.295	0.452	0.192	2.368	1.980e-02	3.630e-02	1.440
CEBPG	0.157	0.009	1.012	3.124e-01	3.887e-01	0.410	0.399	0.246	1.134	2.583e-01	3.361e-01	0.474
CEBPZ	-0.517	0.105	-7.067	1.557e-11	2.325e-10	9.634	-0.251	0.083	-3.104	2.339e-03	5.889e-03	2.230
CHD4	0.342	0.341	0.008	9.937e-01	9.975e-01	0.001	0.317	0.121	1.278	2.034e-01	2.737e-01	0.563
CHD8	-1.920	-0.675	-7.479	1.815e-12	3.448e-11	10.462	-1.384	-0.452	-4.832	3.483e-06	2.003e-05	4.698
CIITA	0.121	0.084	0.753	4.525e-01	5.237e-01	0.281	0.246	0.176	1.331	1.855e-01	2.545e-01	0.594
CITED2	-0.308	0.122	-2.651	8.522e-03	1.702e-02	1.769	-0.327	0.057	-2.247	2.624e-02	4.660e-02	1.332
CLOCK	0.044	0.003	1.041	2.991e-01	3.743e-01	0.427	-0.002	-0.034	0.640	5.230e-01	5.995e-01	0.222
COPS5	-0.064	-0.348	2.209	2.817e-02	4.799e-02	1.319	0.112	-0.206	2.036	4.395e-02	7.252e-02	1.140
CRABP2	0.067	0.008	1.164	2.454e-01	3.180e-01	0.498	-0.078	0.023	-1.592	1.139e-01	1.685e-01	0.773
CREB1	-0.159	-0.012	-6.048	7.995e-09	6.040e-08	7.219	-0.217	-0.036	-7.082	1.248e-10	2.855e-09	8.544
CREB3	0.091	-0.045	0.500	6.176e-01	6.781e-01	0.169	0.124	0.020	0.480	6.321e-01	7.002e-01	0.155
CREB3L1	-0.241	-0.191	-0.339	7.350e-01	7.824e-01	0.107	0.260	-0.104	2.285	2.364e-02	4.240e-02	1.373
CREB5	0.119	0.073	1.359	1.753e-01	2.394e-01	0.621	0.234	0.077	3.572	4.939e-04	1.496e-03	2.825
CREBBP	0.199	0.110	2.195	2.923e-02	4.927e-02	1.307	0.150	0.032	2.657	8.984e-03	1.871e-02	1.728
CREG1	-0.001	0.125	-2.539	1.164e-02	2.232e-02	1.651	-0.023	0.022	-0.700	4.851e-01	5.633e-01	0.249
CREM	0.103	-0.063	4.783	3.374e-06	1.555e-05	4.808	0.210	0.027	3.868	1.933e-04	6.586e-04	3.181
CRTC1	0.371	0.096	2.577	1.057e-02	2.058e-02	1.686	0.357	0.223	1.159	2.482e-01	3.277e-01	0.485
CRX	0.112	0.014	6.427	7.450e-10	7.917e-09	8.101	0.141	0.037	5.824	5.891e-08	5.130e-07	6.290
CTBP1	0.517	0.177	5.133	6.491e-07	3.364e-06	5.473	0.548	0.048	6.942	2.269e-10	4.068e-09	8.391
CTCF	-0.103	-0.040	-1.772	7.747e-02	1.163e-01	0.934	-0.070	0.035	-2.330	2.139e-02	3.865e-02	1.413
CTCFL	0.160	0.274	-0.915	3.613e-01	4.390e-01	0.358	-0.126	0.010	-0.949	3.443e-01	4.241e-01	0.373
CTNNB1	0.108	0.064	1.108	2.689e-01	3.448e-01	0.462	0.039	-0.001	0.750	4.552e-01	5.355e-01	0.271
CUX1	0.111	0.021	0.802	4.232e-01	4.969e-01	0.304	0.121	-0.081	1.717	8.781e-02	1.343e-01	0.872
DACH1	-0.133	0.018	-1.780	7.650e-02	1.156e-01	0.937	0.073	0.022	0.408	6.844e-01	7.489e-01	0.126
DAXX	0.030	0.098	-1.424	1.557e-01	2.155e-01	0.667	0.140	0.115	0.482	6.305e-01	7.002e-01	0.155
DBP	0.077	-0.111	3.393	7.922e-04	2.061e-03	2.686	0.167	0.038	2.025	4.488e-02	7.367e-02	1.133
DDB2	-0.279	-0.223	-0.770	4.419e-01	5.140e-01	0.289	-0.273	-0.081	-2.455	1.533e-02	2.905e-02	1.537
DDIT3	-0.026	-0.005	-0.964	3.359e-01	4.105e-01	0.387	0.113	0.034	2.751	6.828e-03	1.466e-02	1.834
DEAF1	-0.126	-0.033	-2.471	1.417e-02	2.652e-02	1.576	-0.019	0.031	-1.129	2.613e-01	3.380e-01	0.471
DEK	-0.233	-0.017	-4.702	3.814e-06	1.708e-05	4.768	-0.061	-0.019	-0.702	4.833e-01	5.622e-01	0.250
DENND4A	-0.481	-0.008	-4.488	1.241e-05	4.896e-05	4.310	-0.880	-0.407	-2.689	8.439e-03	1.776e-02	1.751
DLX3	0.252	-0.305	3.415	7.365e-04	1.940e-03	2.712	-0.235	-0.395	0.917	3.606e-01	4.416e-01	0.355
DLX4	1.415	0.300	9.438	1.210e-17	5.941e-16	15.226	1.496	0.288	9.720	2.601e-16	2.339e-14	13.631
DLX5	0.078	0.063	0.140	8.891e-01	9.141e-01	0.039	-0.231	-0.037	-1.331	1.863e-01	2.550e-01	0.593
DNMT1	0.025	-0.011	1.179	2.394e-01	3.113e-01	0.507	0.080	0.023	1.485	1.397e-01	1.990e-01	0.701
DNMT3A	0.363	0.274	0.806	4.211e-01	4.965e-01	0.304	-0.425	0.015	-3.903	1.462e-04	5.270e-04	3.278
DNMT3L	0.500	0.112	4.673	5.187e-06	2.274e-05	4.643	0.251	-0.196	4.845	3.297e-06	1.932e-05	4.714
DR1	0.340	0.054	4.357	1.961e-05	7.189e-05	4.143	-0.226	-0.178	-0.521	6.036e-01	6.759e-01	0.170
DUX4	-0.362	-0.300	-0.379	7.047e-01	7.592e-01	0.120	0.277	-0.314	2.938	3.903e-03	9.166e-03	2.038
E2F1	-0.342	-0.105	-10.373	7.973e-20	8.332e-18	17.079	-0.364	-0.079	-9.002	2.803e-14	1.758e-12	11.755
E2F3	-0.023	0.377	-3.095	2.269e-03	5.250e-03	2.280	-0.501	-0.050	-2.831	5.668e-03	1.256e-02	1.901
E2F4	0.914	0.200	10.722	1.581e-21	3.305e-19	18.481	1.074	0.300	9.463	1.736e-15	1.361e-13	12.866
E2F6	0.437	0.051	8.780	1.192e-15	4.373e-14	13.359	0.358	0.028	6.352	6.271e-09	7.864e-08	7.104
E2F7	0.806	0.177	8.426	1.351e-14	3.682e-13	12.434	0.820	0.125	7.187	1.448e-10	2.929e-09	8.533
E2F8	0.806	0.177	8.426	1.351e-14	3.682e-13	12.434	0.820	0.125	7.187	1.448e-10	2.929e-09	8.533
E4F1	3.022	0.668	11.398	2.715e-23	1.702e-20	19.769	3.160	0.507	10.106	1.032e-16	1.618e-14	13.791
EAF1	-0.117	-0.048	-2.197	2.888e-02	4.894e-02	1.310	-0.083	-0.076	-0.190	8.496e-01	8.849e-01	0.053
EAPP	-0.415	-0.165	-2.714	7.069e-03	1.430e-02	1.845	0.023	0.245	-2.192	2.992e-02	5.240e-02	1.281
EBF3	1.612	1.108	2.255	2.520e-02	4.328e-02	1.364	0.751	0.234	2.421	1.719e-02	3.226e-02	1.491
ECD	0.230	0.112	2.537	1.191e-02	2.276e-02	1.643	0.240	-0.007	5.767	4.369e-08	4.028e-07	6.395
EGR1	-0.066	-0.020	-2.388	1.784e-02	3.205e-02	1.494	-0.108	-0.013	-3.621	4.433e-04	1.397e-03	2.855
EGR2	-0.557	-0.180	-4.288	2.541e-05	9.053e-05	4.043	-0.364	-0.201	-1.574	1.179e-01	1.732e-01	0.762
EGR3	0.136	-0.067	4.505	1.005e-05	4.118e-05	4.385	0.374	0.034	5.434	2.506e-07	1.806e-06	5.743
EHF	-0.334	-0.079	-1.218	2.245e-01	2.964e-01	0.528	-0.452	-0.154	-1.417	1.591e-01	2.221e-01	0.653
EHMT2	-0.421	0.060	-5.693	3.303e-08	2.227e-07	6.652	-0.323	-0.147	-1.844	6.755e-02	1.068e-01	0.971
ELF1	0.248	0.008	3.776	2.108e-04	6.355e-04	3.197	0.161	-0.002	2.105	3.753e-02	6.342e-02	1.198
ELF2	-0.294	-0.064	-3.920	1.200e-04	3.858e-04	3.414	-0.441	-0.108	-5.749	5.779e-08	5.103e-07	6.292
ELF3	-0.102	-0.007	-0.974	3.310e-01	4.054e-01	0.392	-0.030	-0.019	-0.109	9.134e-01	9.328e-01	0.030
ELF4	-0.265	0.228	-4.209	3.547e-05	1.242e-04	3.906	0.118	0.042	0.637	5.252e-01	6.009e-01	0.221
ELK1	-0.523	-0.054	-6.811	1.703e-10	1.977e-09	8.704	-0.550	-0.073	-6.990	2.503e-10	4.321e-09	8.364
ELK3	-0.006	-0.111	1.629	1.044e-01	1.505e-01	0.822	0.094	0.063	0.456	6.492e-01	7.154e-01	0.145
ELK4	0.553	0.078	3.130	1.989e-03	4.652e-03	2.332	-0.001	0.063	-0.277	7.822e-01	8.369e-01	0.077
ELL	-0.430	-0.330	-1.248	2.135e-01	2.836e-01	0.547	-0.070	-0.051	-0.229	8.196e-01	8.579e-01	0.067
EN1	-0.049	-0.067	0.249	8.037e-01	8.450e-01	0.073	0.325	0.061	2.674	8.469e-03	1.776e-02	1.751
ENO1	-0.143	-0.295	0.906	3.661e-01	4.431e-01	0.353	2.226	0.387	5.905	6.966e-08	5.902e-07	6.229
EP300	0.037	-0.039	2.352	1.944e-02	3.416e-02	1.466	0.084	-0.085	3.634	4.141e-04	1.318e-03	2.880
EPAS1	-0.006	-0.106	1.775	7.705e-02	1.161e-01	0.935	-0.086	-0.214	1.986	4.930e-02	7.967e-02	1.099
ERCC2	0.655	0.321	4.558	7.847e-06	3.347e-05	4.475	-0.027	0.039	-1.015	3.120e-01	3.905e-01	0.408
ERF	-0.180	-0.118	-0.882	3.784e-01	4.546e-01	0.342	0.128	0.049	1.110	2.690e-01	3.437e-01	0.464
ERG	-0.038	-0.031	-0.195	8.454e-01	8.803e-01	0.055	0.000	-0.031	0.757	4.504e-01	5.314e-01	0.275
ESR1	-0.149	-0.068	-3.760	2.126e-04	6.379e-04	3.195	-0.140	-0.042	-3.760	2.635e-04	8.695e-04	3.061
ESR2	0.363	0.341	0.362	7.177e-01	7.692e-01	0.114	0.052	0.093	-0.657	5.119e-01	5.890e-01	0.230
ESRRA	-0.020	0.145	-3.064	2.408e-03	5.510e-03	2.259	0.072	0.120	-0.560	5.763e-01	6.535e-01	0.185
ESRRG	-0.026	0.102	-1.718	8.706e-02	1.278e-01	0.893	0.025	-0.038	0.735	4.635e-01	5.438e-01	0.265
ETS1	-0.065	-0.068	0.099	9.213e-01	9.352e-01	0.029	-0.049	-0.050	0.032	9.744e-01	9.818e-01	0.008
ETS2	-0.036	-0.121	2.039	4.244e-02	6.823e-02	1.166	0.079	-0.074	2.783	6.240e-03	1.349e-02	1.870
ETV3	0.117	-0.005	1.650	1.004e-01	1.451e-01	0.838	0.428	0.079	3.903	1.560e-04	5.526e-04	3.258
ETV4	-0.127	-0.072	-1.100	2.727e-01	3.479e-01	0.459	-0.005	-0.123	2.540	1.199e-02	2.364e-02	1.626
ETV5	0.187	0.016	1.542	1.242e-01	1.755e-01	0.756	0.125	0.059	0.729	4.670e-01	5.452e-01	0.263
ETV6	1.026	0.368	8.021	6.332e-14	1.527e-12	11.816	0.816	0.187	7.238	4.891e-11	1.278e-09	8.894
EWSR1	0.596	0.050	5.682	4.649e-08	3.005e-07	6.522	0.712	0.168	4.730	6.030e-06	3.151e-05	4.502
EZH2	-0.328	-0.104	-8.064	4.298e-14	1.078e-12	11.967	-0.233	-0.098	-3.772	2.410e-04	8.038e-04	3.095
FHL2	1.320	0.676	4.525	1.119e-05	4.496e-05	4.347	0.783	0.135	6.045	1.567e-08	1.637e-07	6.786
FLI1	-0.030	0.008	-1.137	2.568e-01	3.320e-01	0.479	-0.087	0.040	-3.832	1.976e-04	6.697e-04	3.174
FOS	0.084	-0.001	3.285	1.176e-03	2.926e-03	2.534	0.106	0.025	2.338	2.109e-02	3.821e-02	1.418
FOSB	-0.747	-0.444	-1.851	6.532e-02	1.001e-01	0.999	-1.289	-0.012	-5.253	6.282e-07	4.019e-06	5.396
FOSL1	0.086	0.149	-0.773	4.405e-01	5.134e-01	0.290	-0.082	0.014	-1.124	2.629e-01	3.385e-01	0.470
FOSL2	-0.444	-0.106	-7.227	1.538e-11	2.325e-10	9.634	-0.432	-0.058	-8.272	2.317e-13	9.080e-12	11.042
FOXA1	-0.195	-0.064	-3.430	7.135e-04	1.895e-03	2.722	-0.071	-0.066	-0.160	8.728e-01	9.015e-01	0.045
FOXA2	0.096	0.044	1.094	2.752e-01	3.500e-01	0.456	0.087	-0.067	3.130	2.160e-03	5.493e-03	2.260
FOXD3	0.309	0.055	2.989	3.179e-03	7.118e-03	2.148	0.423	0.079	4.123	6.034e-05	2.394e-04	3.621
FOXE1	-0.747	0.067	-3.837	1.591e-04	4.937e-04	3.307	0.370	0.552	-0.786	4.330e-01	5.152e-01	0.288
FOXF1	0.119	0.101	0.540	5.899e-01	6.512e-01	0.186	0.204	-0.013	4.307	3.289e-05	1.494e-04	3.826
FOXF2	0.011	0.073	-0.899	3.696e-01	4.465e-01	0.350	-0.377	-0.090	-4.020	9.578e-05	3.662e-04	3.436
FOXG1	-1.661	-1.117	-2.449	1.515e-02	2.777e-02	1.556	-0.802	-0.242	-2.613	1.029e-02	2.068e-02	1.684
FOXH1	-0.361	-0.185	-1.692	9.213e-02	1.340e-01	0.873	-0.383	-0.113	-2.525	1.256e-02	2.424e-02	1.615
FOXI1	-0.172	0.082	-4.331	2.035e-05	7.374e-05	4.132	-0.399	-0.042	-3.411	9.093e-04	2.578e-03	2.589
FOXL1	0.160	-0.163	1.271	2.048e-01	2.732e-01	0.564	0.085	0.022	0.314	7.538e-01	8.094e-01	0.092
FOXL2	-0.385	-0.014	-4.483	1.182e-05	4.690e-05	4.329	0.181	0.257	-0.893	3.734e-01	4.537e-01	0.343
FOXM1	-0.339	0.021	-6.766	1.234e-10	1.488e-09	8.827	-0.518	-0.047	-7.052	1.656e-10	3.146e-09	8.502
FOXO1	-0.005	0.075	-1.914	5.672e-02	8.824e-02	1.054	0.137	0.029	1.964	5.179e-02	8.348e-02	1.078
FOXO3	0.455	0.133	6.377	1.169e-09	1.183e-08	7.927	0.781	0.281	6.179	1.236e-08	1.336e-07	6.874
FOXO4	0.369	0.227	1.973	4.962e-02	7.797e-02	1.108	0.692	0.309	4.017	1.051e-04	3.996e-04	3.398
FOXP1	-0.530	-0.154	-3.279	1.192e-03	2.943e-03	2.531	-0.507	-0.026	-3.088	2.500e-03	6.157e-03	2.211
FOXP2	-0.261	0.048	-4.158	4.446e-05	1.525e-04	3.817	0.011	0.026	-0.232	8.167e-01	8.563e-01	0.067
FOXP3	0.311	0.087	6.338	1.136e-09	1.167e-08	7.933	0.251	0.007	5.064	1.740e-06	1.049e-05	4.979
FOXQ1	0.372	-0.047	3.977	8.928e-05	2.946e-04	3.531	0.606	-0.079	4.310	3.352e-05	1.501e-04	3.824
FUS	0.447	0.160	3.379	8.788e-04	2.240e-03	2.650	0.151	0.094	0.766	4.448e-01	5.266e-01	0.278
GATA1	-0.139	-0.070	-3.201	1.530e-03	3.705e-03	2.431	-0.126	-0.085	-1.489	1.390e-01	1.985e-01	0.702
GATA2	0.098	0.005	2.980	3.206e-03	7.129e-03	2.147	-0.059	-0.039	-0.510	6.109e-01	6.816e-01	0.167
GATA3	0.095	0.001	3.428	6.933e-04	1.851e-03	2.733	0.042	-0.050	2.293	2.350e-02	4.235e-02	1.373
GATA4	-0.050	-0.053	0.099	9.214e-01	9.352e-01	0.029	0.038	-0.042	2.178	3.137e-02	5.479e-02	1.261
GATA6	0.201	-0.080	3.791	1.914e-04	5.825e-04	3.235	0.381	0.103	2.840	5.356e-03	1.199e-02	1.921
GBX2	0.303	0.449	-1.010	3.137e-01	3.887e-01	0.410	0.217	0.207	0.067	9.470e-01	9.592e-01	0.018
GCM1	0.262	0.159	1.294	1.968e-01	2.630e-01	0.580	0.531	0.099	4.388	2.320e-05	1.062e-04	3.974
GCM2	-0.136	-0.083	-2.353	1.945e-02	3.416e-02	1.466	-0.102	-0.029	-2.410	1.750e-02	3.267e-02	1.486
GFI1	0.052	0.173	-1.191	2.346e-01	3.071e-01	0.513	0.003	0.059	-0.557	5.787e-01	6.536e-01	0.185
GFI1B	-1.400	0.069	-6.155	4.576e-09	3.632e-08	7.440	-0.343	0.077	-2.352	1.966e-02	3.615e-02	1.442
GLI1	0.035	-0.047	2.048	4.163e-02	6.723e-02	1.172	0.197	0.002	3.764	2.597e-04	8.616e-04	3.065
GLI2	0.011	-0.093	2.745	6.506e-03	1.333e-02	1.875	0.047	-0.071	2.102	3.773e-02	6.360e-02	1.197
GLI3	-0.469	-0.251	-3.981	9.134e-05	2.995e-04	3.524	-0.612	-0.201	-4.727	6.597e-06	3.391e-05	4.470
GTF2I	-0.466	-0.112	-4.199	3.895e-05	1.357e-04	3.867	-0.120	-0.060	-0.791	4.305e-01	5.132e-01	0.290
GTF3A	-1.055	0.262	-6.765	1.063e-10	1.307e-09	8.884	0.028	0.118	-0.480	6.320e-01	7.002e-01	0.155
GZF1	0.210	-0.126	2.887	4.209e-03	9.006e-03	2.045	0.261	-0.288	2.856	5.175e-03	1.167e-02	1.933
HAND2	-0.105	-0.061	-0.883	3.781e-01	4.546e-01	0.342	0.001	0.014	-0.239	8.118e-01	8.540e-01	0.069
HAX1	-0.141	-0.167	0.387	6.990e-01	7.555e-01	0.122	0.047	-0.021	0.848	3.980e-01	4.799e-01	0.319
HBP1	-0.269	-0.332	0.747	4.562e-01	5.258e-01	0.279	0.074	-0.016	1.123	2.641e-01	3.393e-01	0.469
HCFC1	-0.485	-0.085	-9.518	6.760e-18	4.709e-16	15.327	-0.316	-0.008	-5.469	3.244e-07	2.235e-06	5.651
HDAC1	-0.034	-0.000	-1.346	1.800e-01	2.438e-01	0.613	0.038	-0.028	2.703	7.858e-03	1.659e-02	1.780
HDAC10	-1.271	-0.315	-5.359	1.902e-07	1.125e-06	5.949	-2.051	-0.565	-6.834	2.550e-10	4.321e-09	8.364
HDAC11	0.134	0.083	1.046	2.968e-01	3.736e-01	0.428	-0.051	0.061	-2.071	4.011e-02	6.720e-02	1.173
HDAC2	0.082	0.044	1.178	2.397e-01	3.113e-01	0.507	-0.009	0.035	-1.232	2.198e-01	2.932e-01	0.533
HDAC3	-0.238	-0.023	-4.105	5.391e-05	1.827e-04	3.738	0.096	0.149	-1.043	2.991e-01	3.781e-01	0.422
HDAC4	-0.197	-0.012	-5.048	7.808e-07	3.980e-06	5.400	-0.238	0.032	-5.456	2.546e-07	1.814e-06	5.741
HDAC5	-0.008	0.055	-1.579	1.156e-01	1.651e-01	0.782	0.001	-0.014	0.353	7.248e-01	7.860e-01	0.105
HDAC7	-0.019	0.104	-3.084	2.261e-03	5.250e-03	2.280	-0.012	0.016	-0.705	4.821e-01	5.618e-01	0.250
HDAC9	0.014	-0.045	2.104	3.629e-02	5.926e-02	1.227	0.070	-0.036	2.940	3.901e-03	9.166e-03	2.038
HDGF	0.016	-0.014	0.544	5.868e-01	6.489e-01	0.188	0.350	0.047	3.716	3.029e-04	9.891e-04	3.005
HES1	-0.363	-0.043	-6.844	5.093e-11	6.653e-10	9.177	-0.429	-0.068	-6.544	1.174e-09	1.673e-08	7.776
HES6	-0.131	0.168	-2.962	3.338e-03	7.345e-03	2.134	-0.102	0.120	-1.778	7.775e-02	1.213e-01	0.916
HEXIM1	1.430	0.429	4.008	9.172e-05	2.995e-04	3.524	1.119	0.008	5.849	3.282e-08	3.215e-07	6.493
HEY1	-0.282	0.063	-4.878	1.880e-06	8.931e-06	5.049	-0.137	0.147	-3.552	5.522e-04	1.626e-03	2.789
HEY2	-0.527	0.053	-5.794	2.032e-08	1.431e-07	6.844	0.053	0.188	-1.499	1.363e-01	1.960e-01	0.708
HEYL	-0.361	-0.185	-1.692	9.213e-02	1.340e-01	0.873	-0.383	-0.113	-2.525	1.256e-02	2.424e-02	1.615
HHEX	0.074	0.033	1.520	1.298e-01	1.825e-01	0.739	0.122	0.073	1.546	1.248e-01	1.816e-01	0.741
HIC1	0.135	-0.070	2.948	3.647e-03	7.967e-03	2.099	0.421	0.071	4.695	8.290e-06	4.158e-05	4.381
HIF1A	-0.008	0.014	-1.067	2.871e-01	3.636e-01	0.439	0.011	-0.020	1.306	1.942e-01	2.625e-01	0.581
HINFP	0.028	0.022	0.168	8.664e-01	8.949e-01	0.048	0.057	0.055	0.054	9.573e-01	9.666e-01	0.015
HIPK2	-0.154	0.267	-5.732	2.864e-08	1.952e-07	6.710	-0.486	0.038	-4.795	4.598e-06	2.507e-05	4.601
HLF	-0.018	0.077	-2.966	3.302e-03	7.316e-03	2.136	0.027	-0.009	1.031	3.045e-01	3.818e-01	0.418
HLTF	0.568	0.199	3.851	1.432e-04	4.490e-04	3.348	0.616	0.132	3.907	1.555e-04	5.526e-04	3.258
HMGA1	-0.076	-0.003	-2.177	3.045e-02	5.106e-02	1.292	-0.012	0.009	-0.464	6.434e-01	7.103e-01	0.149
HMGA2	0.238	-0.021	4.473	1.116e-05	4.496e-05	4.347	0.249	0.008	4.069	7.955e-05	3.117e-04	3.506
HMGB2	0.143	0.019	2.147	3.264e-02	5.400e-02	1.268	0.025	-0.095	1.765	7.983e-02	1.242e-01	0.906
HNF1A	0.146	-0.049	2.654	8.574e-03	1.704e-02	1.768	0.038	-0.074	1.324	1.879e-01	2.567e-01	0.591
HNF1B	-0.157	-0.218	0.644	5.200e-01	5.832e-01	0.234	-0.174	-0.109	-0.611	5.420e-01	6.179e-01	0.209
HNF4A	-0.044	-0.094	1.867	6.314e-02	9.704e-02	1.013	-0.130	-0.039	-2.426	1.683e-02	3.169e-02	1.499
HNF4G	-0.071	-0.158	1.043	2.981e-01	3.743e-01	0.427	0.085	-0.061	1.579	1.166e-01	1.716e-01	0.766
HOPX	-0.170	-0.131	-0.357	7.216e-01	7.720e-01	0.112	-0.065	-0.163	0.817	4.156e-01	4.972e-01	0.303
HOXA1	-0.539	-0.056	-3.844	1.746e-04	5.365e-04	3.270	-1.169	-0.143	-7.178	1.275e-10	2.855e-09	8.544
HOXA10	0.057	0.001	1.967	5.028e-02	7.882e-02	1.103	-0.159	-0.063	-2.354	2.032e-02	3.710e-02	1.431
HOXA11	0.210	-0.126	2.887	4.209e-03	9.006e-03	2.045	0.261	-0.288	2.856	5.175e-03	1.167e-02	1.933
HOXA5	0.339	0.181	2.736	6.637e-03	1.355e-02	1.868	0.042	-0.016	0.766	4.452e-01	5.266e-01	0.278
HOXA7	-0.267	-0.072	-2.822	5.172e-03	1.088e-02	1.963	0.165	0.041	1.483	1.405e-01	1.998e-01	0.699
HOXA9	0.125	0.033	1.990	4.773e-02	7.520e-02	1.124	0.093	-0.024	2.846	5.155e-03	1.167e-02	1.933
HOXB1	0.015	0.052	-0.232	8.164e-01	8.517e-01	0.070	-0.113	0.270	-1.841	6.796e-02	1.068e-01	0.971
HOXB13	0.015	0.052	-0.232	8.164e-01	8.517e-01	0.070	-0.113	0.270	-1.841	6.796e-02	1.068e-01	0.971
HOXB7	-0.399	-0.125	-4.463	1.320e-05	5.139e-05	4.289	-0.256	-0.078	-3.290	1.262e-03	3.366e-03	2.473
HOXC10	0.059	0.082	-0.671	5.030e-01	5.682e-01	0.245	0.080	0.079	0.015	9.881e-01	9.912e-01	0.004
HOXC13	-0.082	-0.082	-0.001	9.993e-01	9.993e-01	0.000	-0.388	-0.114	-3.645	3.600e-04	1.155e-03	2.937
HOXC6	-0.287	0.099	-2.349	1.976e-02	3.461e-02	1.461	-1.013	-0.087	-3.868	1.826e-04	6.361e-04	3.196
HOXC9	0.059	0.082	-0.671	5.030e-01	5.682e-01	0.245	0.080	0.079	0.015	9.881e-01	9.912e-01	0.004
HOXD9	-0.095	-0.043	-1.788	7.481e-02	1.137e-01	0.944	-0.109	-0.076	-0.970	3.336e-01	4.134e-01	0.384
HR	0.113	0.051	0.498	6.186e-01	6.781e-01	0.169	0.108	-0.199	2.115	3.603e-02	6.105e-02	1.214
HSF1	-0.465	-0.157	-6.228	1.948e-09	1.859e-08	7.731	-0.381	-0.050	-5.974	1.714e-08	1.762e-07	6.754
HSF2	0.013	-0.021	1.259	2.091e-01	2.784e-01	0.555	0.105	0.028	2.371	1.915e-02	3.552e-02	1.450
HSF4	-0.204	-0.058	-2.362	1.885e-02	3.358e-02	1.474	0.021	0.035	-0.186	8.527e-01	8.853e-01	0.053
HTATIP2	-0.889	-0.090	-6.117	3.783e-09	3.163e-08	7.500	-0.357	0.188	-3.039	2.855e-03	6.938e-03	2.159
ID1	0.369	0.087	3.153	1.819e-03	4.320e-03	2.365	-0.039	-0.026	-0.144	8.854e-01	9.116e-01	0.040
ID2	-0.386	-0.098	-4.314	2.354e-05	8.435e-05	4.074	-0.028	-0.042	0.203	8.397e-01	8.760e-01	0.057
ID3	0.183	0.087	1.738	8.332e-02	1.235e-01	0.908	0.169	0.103	1.156	2.499e-01	3.278e-01	0.484
ID4	1.415	0.300	9.438	1.210e-17	5.941e-16	15.226	1.496	0.288	9.720	2.601e-16	2.339e-14	13.631
IFI16	-0.136	-0.126	-0.106	9.154e-01	9.332e-01	0.030	0.753	-0.013	6.067	2.515e-08	2.503e-07	6.601
IKBKB	-0.028	0.060	-1.042	2.985e-01	3.743e-01	0.427	0.007	-0.005	0.140	8.889e-01	9.137e-01	0.039
IKZF1	-0.149	0.062	-1.728	8.523e-02	1.260e-01	0.900	-0.479	-0.044	-3.567	5.054e-04	1.518e-03	2.819
ILF2	-0.019	-0.013	-0.179	8.577e-01	8.889e-01	0.051	-0.104	-0.053	-1.451	1.489e-01	2.094e-01	0.679
ILF3	-0.442	-0.183	-3.118	2.061e-03	4.803e-03	2.318	-0.382	-0.101	-4.037	9.422e-05	3.624e-04	3.441
ING1	0.445	0.284	2.372	1.849e-02	3.303e-02	1.481	0.017	0.075	-0.967	3.353e-01	4.147e-01	0.382
ING2	0.244	-0.080	4.139	4.453e-05	1.525e-04	3.817	0.113	0.002	1.172	2.432e-01	3.222e-01	0.492
ING4	0.310	0.227	1.689	9.276e-02	1.346e-01	0.871	0.417	0.145	4.712	6.364e-06	3.298e-05	4.482
IRF1	0.335	0.085	7.392	2.883e-12	5.316e-11	10.274	0.437	0.083	6.916	3.530e-10	5.676e-09	8.246
IRF2	0.093	0.130	-0.621	5.350e-01	5.969e-01	0.224	-0.085	-0.031	-1.127	2.615e-01	3.380e-01	0.471
IRF3	0.293	0.065	3.899	1.216e-04	3.889e-04	3.410	0.174	-0.020	2.674	8.497e-03	1.776e-02	1.751
IRF4	-0.281	-0.064	-4.232	3.200e-05	1.133e-04	3.946	-0.314	-0.166	-2.590	1.063e-02	2.129e-02	1.672
IRF5	-0.037	0.003	-1.360	1.747e-01	2.392e-01	0.621	0.044	0.014	0.890	3.747e-01	4.544e-01	0.343
IRF7	0.267	0.048	4.501	1.088e-05	4.429e-05	4.354	0.048	-0.028	1.475	1.430e-01	2.022e-01	0.694
IRF8	0.196	-0.008	4.855	1.925e-06	9.075e-06	5.042	0.139	-0.003	2.845	5.072e-03	1.161e-02	1.935
IRF9	0.459	0.284	2.983	3.202e-03	7.129e-03	2.147	0.324	0.133	3.579	4.824e-04	1.483e-03	2.829
ISL1	1.351	-0.077	6.038	8.329e-09	6.217e-08	7.206	0.292	-0.085	2.119	3.533e-02	6.103e-02	1.214
JDP2	-2.144	-0.552	-8.319	8.893e-15	2.788e-13	12.555	-0.724	-0.162	-3.581	4.919e-04	1.496e-03	2.825
JUN	-0.065	-0.013	-2.558	1.126e-02	2.166e-02	1.664	-0.060	-0.034	-1.205	2.306e-01	3.063e-01	0.514
JUNB	-0.208	-0.019	-3.958	1.002e-04	3.256e-04	3.487	-0.457	-0.112	-4.502	1.609e-05	7.586e-05	4.120
JUND	-0.152	0.033	-4.385	2.201e-05	7.932e-05	4.101	-0.194	-0.037	-5.269	5.041e-07	3.292e-06	5.482
KAT2B	0.416	0.272	2.995	3.076e-03	6.912e-03	2.160	0.068	0.036	0.734	4.640e-01	5.438e-01	0.265
KAT5	0.302	0.122	3.412	7.464e-04	1.958e-03	2.708	0.400	0.164	3.840	1.879e-04	6.439e-04	3.191
KCNIP3	-0.057	0.031	-2.139	3.328e-02	5.491e-02	1.260	-0.182	-0.038	-2.861	4.882e-03	1.125e-02	1.949
KDM2A	0.996	0.549	2.029	4.366e-02	6.980e-02	1.156	2.027	0.974	3.781	2.407e-04	8.038e-04	3.095
KDM4B	0.311	0.177	1.318	1.890e-01	2.543e-01	0.595	0.332	0.105	2.119	3.571e-02	6.105e-02	1.214
KDM4C	0.334	-0.037	2.466	1.432e-02	2.673e-02	1.573	0.731	0.038	4.153	5.681e-05	2.284e-04	3.641
KHDRBS1	-0.102	-0.034	-0.777	4.378e-01	5.112e-01	0.291	0.237	-0.060	3.563	4.824e-04	1.483e-03	2.829
KLF10	0.715	0.265	6.117	4.708e-09	3.690e-08	7.433	0.137	-0.090	3.923	1.385e-04	5.049e-04	3.297
KLF11	-0.107	-0.090	-0.255	7.988e-01	8.432e-01	0.074	0.243	-0.022	3.296	1.249e-03	3.357e-03	2.474
KLF12	-0.285	-0.131	-2.371	1.836e-02	3.288e-02	1.483	-0.182	0.037	-2.436	1.621e-02	3.061e-02	1.514
KLF13	-0.146	0.042	-2.222	2.741e-02	4.683e-02	1.329	0.083	0.058	0.324	7.464e-01	8.027e-01	0.095
KLF14	0.872	0.270	2.812	5.305e-03	1.112e-02	1.954	0.979	0.108	3.396	9.194e-04	2.585e-03	2.588
KLF15	-0.112	-0.079	-0.858	3.919e-01	4.672e-01	0.331	-0.016	0.014	-0.644	5.211e-01	5.984e-01	0.223
KLF16	-1.661	-1.117	-2.449	1.515e-02	2.777e-02	1.556	-0.802	-0.242	-2.613	1.029e-02	2.068e-02	1.684
KLF2	0.755	0.230	6.931	3.396e-11	4.732e-10	9.325	0.636	0.121	6.416	3.246e-09	4.330e-08	7.363
KLF3	0.613	0.258	2.386	1.778e-02	3.203e-02	1.494	0.094	-0.361	2.855	4.966e-03	1.141e-02	1.943
KLF4	0.161	0.049	4.530	9.064e-06	3.789e-05	4.421	0.132	-0.006	5.630	1.023e-07	8.018e-07	6.096
KLF5	-0.433	-0.247	-2.836	4.942e-03	1.043e-02	1.982	-0.428	-0.161	-3.190	1.855e-03	4.846e-03	2.315
KLF6	0.585	0.226	6.226	2.860e-09	2.599e-08	7.585	0.441	0.049	7.547	4.871e-12	1.608e-10	9.794
KLF8	0.204	-0.113	3.359	9.139e-04	2.320e-03	2.635	-0.200	-0.096	-1.318	1.894e-01	2.582e-01	0.588
KLF9	-0.041	-0.150	1.204	2.302e-01	3.032e-01	0.518	-0.204	0.007	-2.503	1.349e-02	2.594e-02	1.586
L3MBTL1	-0.119	0.127	-6.042	4.512e-09	3.627e-08	7.441	-0.223	-0.096	-2.553	1.191e-02	2.356e-02	1.628
LDB1	0.183	0.087	1.738	8.332e-02	1.235e-01	0.908	0.169	0.103	1.156	2.499e-01	3.278e-01	0.484
LEF1	0.183	0.057	2.684	7.720e-03	1.546e-02	1.811	0.129	0.035	1.621	1.076e-01	1.610e-01	0.793
LHX2	-0.027	0.088	-2.526	1.208e-02	2.301e-02	1.638	0.085	-0.011	1.493	1.379e-01	1.978e-01	0.704
LHX3	0.157	0.133	0.495	6.208e-01	6.781e-01	0.169	0.219	0.026	3.404	8.523e-04	2.429e-03	2.615
LHX4	0.068	0.026	1.098	2.730e-01	3.479e-01	0.459	0.170	-0.037	3.671	3.612e-04	1.155e-03	2.937
LIMD1	0.017	0.182	-1.510	1.320e-01	1.852e-01	0.732	-0.371	0.070	-3.950	1.113e-04	4.156e-04	3.381
LMO2	-0.092	-0.021	-2.094	3.720e-02	6.058e-02	1.218	-0.256	0.032	-5.563	1.578e-07	1.178e-06	5.929
LMO3	0.088	0.079	0.194	8.466e-01	8.803e-01	0.055	-0.071	-0.065	-0.162	8.718e-01	9.015e-01	0.045
LMO4	0.305	0.072	8.908	2.521e-16	9.880e-15	14.005	0.217	0.032	6.194	1.015e-08	1.158e-07	6.936
LMX1B	-0.210	-0.038	-2.270	2.412e-02	4.166e-02	1.380	-0.127	-0.185	0.809	4.198e-01	5.014e-01	0.300
LRRFIP1	-0.041	-0.092	0.874	3.828e-01	4.589e-01	0.338	0.013	0.082	-1.061	2.905e-01	3.680e-01	0.434
LYL1	-0.090	-0.044	-0.750	4.538e-01	5.240e-01	0.281	0.070	-0.013	1.128	2.614e-01	3.380e-01	0.471
MAF	0.155	-0.075	3.172	1.677e-03	4.029e-03	2.395	0.147	-0.136	3.011	3.140e-03	7.543e-03	2.122
MAFA	-0.239	-0.229	-0.109	9.136e-01	9.332e-01	0.030	-0.355	-0.030	-3.081	2.502e-03	6.157e-03	2.211
MAML1	0.248	0.013	2.653	8.589e-03	1.704e-02	1.768	-0.004	0.124	-1.471	1.436e-01	2.023e-01	0.694
MAX	-1.007	-0.326	-3.033	2.728e-03	6.174e-03	2.209	-2.923	-0.621	-6.789	7.386e-10	1.103e-08	7.958
MAZ	0.012	-0.051	0.817	4.148e-01	4.917e-01	0.308	-0.066	-0.058	-0.113	9.103e-01	9.311e-01	0.031
MBD1	-0.127	-0.053	-1.347	1.791e-01	2.430e-01	0.614	0.096	0.052	0.691	4.911e-01	5.681e-01	0.246
MBD2	0.228	-0.053	2.471	1.414e-02	2.652e-02	1.576	-0.311	0.087	-3.522	5.890e-04	1.718e-03	2.765
MDM2	0.757	-0.225	5.636	4.232e-08	2.793e-07	6.554	0.450	-0.060	3.149	1.975e-03	5.138e-03	2.289
MECP2	0.421	0.109	3.832	1.622e-04	5.010e-04	3.300	0.248	-0.053	3.902	1.492e-04	5.345e-04	3.272
MED1	-0.726	-0.330	-5.294	3.316e-07	1.856e-06	5.731	-0.856	-0.206	-5.896	5.469e-08	4.899e-07	6.310
MED23	-0.107	-0.032	-1.592	1.123e-01	1.609e-01	0.793	0.152	-0.066	3.820	2.017e-04	6.798e-04	3.168
MEF2A	0.116	-0.028	2.916	3.873e-03	8.402e-03	2.076	0.159	0.008	2.939	3.871e-03	9.158e-03	2.038
MEF2C	-0.091	-0.031	-2.395	1.742e-02	3.147e-02	1.502	0.008	-0.015	0.863	3.899e-01	4.710e-01	0.327
MEF2D	1.535	0.339	7.289	6.475e-12	1.097e-10	9.960	0.546	0.111	3.940	1.267e-04	4.701e-04	3.328
MEIS1	-0.185	-0.097	-0.711	4.779e-01	5.448e-01	0.264	-0.456	0.002	-3.083	2.485e-03	6.157e-03	2.211
MEN1	-0.069	0.103	-3.271	1.257e-03	3.090e-03	2.510	-0.199	-0.115	-1.611	1.096e-01	1.636e-01	0.786
MITF	0.604	0.123	7.103	1.090e-11	1.708e-10	9.767	0.437	0.088	4.574	1.081e-05	5.294e-05	4.276
MKL1	0.270	-0.305	3.949	1.063e-04	3.434e-04	3.464	-0.467	-0.328	-1.140	2.562e-01	3.339e-01	0.476
MLLT10	-0.842	-0.499	-3.236	1.399e-03	3.427e-03	2.465	-0.367	-0.109	-2.621	9.962e-03	2.061e-02	1.686
MLLT3	-0.401	-0.320	-1.063	2.889e-01	3.645e-01	0.438	-0.068	-0.044	-0.274	7.846e-01	8.381e-01	0.077
MLXIPL	1.222	0.306	5.171	4.768e-07	2.533e-06	5.596	2.000	0.557	6.642	6.873e-10	1.051e-08	7.978
MSC	0.657	0.178	9.103	8.139e-17	3.402e-15	14.468	0.650	0.074	7.675	1.289e-11	3.850e-10	9.415
MSX1	0.743	-0.023	5.299	3.111e-07	1.773e-06	5.751	0.799	-0.165	5.303	4.916e-07	3.245e-06	5.489
MSX2	0.085	-0.041	2.184	2.994e-02	5.033e-02	1.298	0.139	0.011	2.372	1.906e-02	3.547e-02	1.450
MTA1	0.008	-0.064	2.775	5.959e-03	1.229e-02	1.910	-0.070	-0.062	-0.264	7.920e-01	8.431e-01	0.074
MTA2	-0.284	0.071	-4.733	3.455e-06	1.570e-05	4.804	-0.408	-0.079	-4.179	5.227e-05	2.213e-04	3.655
MTA3	0.337	0.090	3.743	2.281e-04	6.778e-04	3.169	-0.023	0.034	-0.828	4.089e-01	4.902e-01	0.310
MTF1	-0.139	0.070	-3.894	1.251e-04	3.982e-04	3.400	-0.460	-0.099	-4.266	4.022e-05	1.764e-04	3.754
MXD1	-0.168	-0.145	-0.858	3.917e-01	4.672e-01	0.331	-0.093	-0.044	-1.515	1.324e-01	1.912e-01	0.718
MXI1	-0.143	-0.295	0.906	3.661e-01	4.431e-01	0.353	2.226	0.387	5.905	6.966e-08	5.902e-07	6.229
MYB	-0.175	-0.075	-3.318	1.030e-03	2.603e-03	2.585	-0.310	-0.142	-4.112	7.182e-05	2.832e-04	3.548
MYBL2	0.094	0.287	-1.136	2.575e-01	3.323e-01	0.479	-2.277	-0.395	-6.017	4.289e-08	4.013e-07	6.396
MYC	-0.116	-0.010	-6.262	1.957e-09	1.859e-08	7.731	-0.248	-0.062	-6.989	2.760e-10	4.554e-09	8.342
MYCN	-0.572	-0.124	-10.203	1.329e-19	1.190e-17	16.924	-0.704	-0.140	-10.118	8.714e-17	1.618e-14	13.791
MYOCD	1.513	0.078	6.723	1.536e-10	1.817e-09	8.741	0.537	-0.154	2.842	5.127e-03	1.167e-02	1.933
MYOD1	-0.267	0.063	-2.696	7.689e-03	1.545e-02	1.811	-0.489	-0.047	-3.313	1.253e-03	3.357e-03	2.474
MYOG	-0.001	0.038	-0.977	3.297e-01	4.045e-01	0.393	-0.013	0.002	-0.334	7.393e-01	7.964e-01	0.099
MZF1	-0.394	-0.005	-5.227	3.634e-07	1.981e-06	5.703	-0.608	0.082	-5.470	2.259e-07	1.647e-06	5.783
NAB2	0.037	0.045	-0.098	9.218e-01	9.352e-01	0.029	0.520	0.342	1.729	8.628e-02	1.326e-01	0.877
NANOG	0.039	0.041	-0.040	9.678e-01	9.772e-01	0.010	0.031	0.032	-0.005	9.957e-01	9.971e-01	0.001
NCOA1	0.874	0.535	2.929	3.772e-03	8.212e-03	2.086	0.482	0.151	3.096	2.490e-03	6.157e-03	2.211
NCOA2	-0.361	-0.185	-1.692	9.213e-02	1.340e-01	0.873	-0.383	-0.113	-2.525	1.256e-02	2.424e-02	1.615
NCOA3	0.157	0.006	1.745	8.205e-02	1.226e-01	0.912	0.324	-0.035	4.781	4.008e-06	2.284e-05	4.641
NCOA4	0.396	0.161	3.072	2.384e-03	5.476e-03	2.262	0.394	0.061	3.047	2.803e-03	6.838e-03	2.165
NCOA6	0.293	-0.028	3.720	2.508e-04	7.418e-04	3.130	-0.169	-0.111	-0.441	6.601e-01	7.236e-01	0.141
NCOR1	0.281	0.169	1.594	1.124e-01	1.609e-01	0.793	0.112	0.263	-1.848	6.678e-02	1.063e-01	0.974
NCOR2	0.311	0.177	1.318	1.890e-01	2.543e-01	0.595	0.332	0.105	2.119	3.571e-02	6.105e-02	1.214
NELFB	-0.181	-0.676	2.104	3.604e-02	5.900e-02	1.229	0.417	-0.120	1.763	8.012e-02	1.243e-01	0.905
NELFCD	0.862	0.425	3.473	6.450e-04	1.743e-03	2.759	0.589	0.072	5.023	1.631e-06	9.926e-06	5.003
NF1	0.409	0.160	3.182	1.692e-03	4.035e-03	2.394	-0.469	0.018	-4.860	4.074e-06	2.301e-05	4.638
NFAT5	-0.241	-0.253	0.053	9.581e-01	9.689e-01	0.014	-0.231	0.065	-1.489	1.388e-01	1.985e-01	0.702
NFATC1	0.060	-0.006	2.302	2.226e-02	3.865e-02	1.413	0.060	0.017	1.305	1.938e-01	2.625e-01	0.581
NFATC2	0.243	0.122	3.031	2.716e-03	6.170e-03	2.210	0.099	0.063	0.905	3.666e-01	4.472e-01	0.350
NFATC3	0.544	0.528	0.107	9.147e-01	9.332e-01	0.030	0.233	0.206	0.148	8.825e-01	9.101e-01	0.041
NFE2L1	0.237	0.341	-0.548	5.844e-01	6.474e-01	0.189	0.279	0.009	1.212	2.279e-01	3.034e-01	0.518
NFE2L2	-0.084	-0.019	-2.967	3.335e-03	7.345e-03	2.134	-0.039	0.005	-1.807	7.325e-02	1.145e-01	0.941
NFIA	-1.661	-1.117	-2.449	1.515e-02	2.777e-02	1.556	-0.802	-0.242	-2.613	1.029e-02	2.068e-02	1.684
NFIB	0.773	0.550	1.784	7.597e-02	1.151e-01	0.939	0.308	0.138	1.554	1.227e-01	1.798e-01	0.745
NFIC	0.033	-0.077	3.365	8.680e-04	2.221e-03	2.653	0.144	-0.030	4.728	5.153e-06	2.762e-05	4.559
NFIL3	-0.767	-0.112	-4.546	8.827e-06	3.715e-05	4.430	-1.304	-0.334	-5.891	3.822e-08	3.631e-07	6.440
NFIX	-0.222	-0.421	1.218	2.245e-01	2.964e-01	0.528	-0.191	-0.087	-0.605	5.464e-01	6.217e-01	0.206
NFKB1	-0.045	-0.019	-2.028	4.375e-02	6.980e-02	1.156	-0.051	-0.037	-1.033	3.035e-01	3.813e-01	0.419
NFKB2	-0.108	-0.018	-1.723	8.586e-02	1.267e-01	0.897	-0.209	-0.058	-2.725	7.192e-03	1.529e-02	1.816
NFKBIA	-0.107	-0.018	-2.589	1.015e-02	1.989e-02	1.701	-0.107	0.032	-3.833	1.872e-04	6.439e-04	3.191
NFKBIB	-0.214	-0.080	-2.626	9.117e-03	1.798e-02	1.745	0.264	0.165	1.538	1.265e-01	1.837e-01	0.736
NFRKB	1.064	0.190	5.300	3.304e-07	1.856e-06	5.731	0.686	0.152	4.489	1.663e-05	7.781e-05	4.109
NFYA	0.151	0.077	1.746	8.212e-02	1.226e-01	0.912	0.186	0.061	2.377	1.921e-02	3.553e-02	1.449
NFYB	0.109	0.026	1.740	8.295e-02	1.235e-01	0.908	0.019	-0.070	1.516	1.322e-01	1.912e-01	0.718
NFYC	0.209	0.088	2.056	4.071e-02	6.596e-02	1.181	0.042	-0.045	1.382	1.695e-01	2.346e-01	0.630
NHLH2	0.250	0.077	3.502	5.411e-04	1.508e-03	2.822	0.282	0.052	4.167	5.729e-05	2.288e-04	3.641
NKX2-1	0.030	-0.027	0.924	3.565e-01	4.348e-01	0.362	0.081	0.076	0.071	9.436e-01	9.589e-01	0.018
NKX2-2	-0.229	-0.059	-3.578	4.082e-04	1.169e-03	2.932	0.032	-0.040	1.309	1.928e-01	2.622e-01	0.581
NKX2-5	-0.645	0.050	-7.066	2.496e-11	3.557e-10	9.449	-0.338	-0.021	-3.711	2.792e-04	9.165e-04	3.038
NKX3-1	0.339	0.025	3.797	1.987e-04	6.017e-04	3.221	0.240	-0.050	3.354	1.046e-03	2.901e-03	2.537
NOTCH3	-0.252	0.120	-2.697	7.426e-03	1.497e-02	1.825	-0.579	-0.017	-3.560	5.179e-04	1.532e-03	2.815
NPM1	0.030	0.179	-2.749	6.441e-03	1.324e-02	1.878	0.163	0.020	2.705	7.827e-03	1.658e-02	1.780
NR0B1	-0.097	0.070	-3.632	3.342e-04	9.746e-04	3.011	-0.033	0.105	-2.536	1.245e-02	2.424e-02	1.615
NR0B2	-0.122	-0.112	-0.129	8.974e-01	9.194e-01	0.037	-0.379	-0.225	-1.481	1.412e-01	2.003e-01	0.698
NR1D1	0.215	0.033	2.013	4.519e-02	7.155e-02	1.145	0.134	-0.011	1.581	1.164e-01	1.716e-01	0.766
NR1H2	0.254	0.039	3.500	5.561e-04	1.543e-03	2.812	0.390	0.069	4.473	1.684e-05	7.820e-05	4.107
NR1H3	0.253	0.021	3.884	1.303e-04	4.125e-04	3.385	0.296	0.045	3.663	3.513e-04	1.135e-03	2.945
NR1H4	-0.013	-0.071	2.015	4.482e-02	7.115e-02	1.148	-0.140	-0.082	-1.256	2.117e-01	2.837e-01	0.547
NR1I2	-0.307	-0.086	-5.211	5.123e-07	2.699e-06	5.569	-0.179	-0.017	-4.087	8.026e-05	3.126e-04	3.505
NR1I3	0.137	-0.040	3.600	3.730e-04	1.073e-03	2.969	0.362	0.202	2.260	2.557e-02	4.555e-02	1.342
NR2C2	0.104	0.070	0.744	4.574e-01	5.262e-01	0.279	-0.021	0.031	-0.835	4.056e-01	4.881e-01	0.311
NR2E3	-0.048	-0.031	-0.719	4.731e-01	5.413e-01	0.267	-0.118	-0.038	-2.825	5.516e-03	1.226e-02	1.911
NR2F1	-0.072	0.148	-4.503	9.781e-06	4.035e-05	4.394	0.089	0.067	0.358	7.212e-01	7.837e-01	0.106
NR2F2	0.894	0.095	7.099	9.334e-12	1.501e-10	9.824	0.470	-0.071	3.584	4.630e-04	1.437e-03	2.842
NR2F6	-0.153	-0.078	-1.618	1.070e-01	1.538e-01	0.813	-0.030	-0.038	0.138	8.907e-01	9.137e-01	0.039
NR3C1	0.153	0.098	2.093	3.732e-02	6.061e-02	1.217	0.103	0.026	2.174	3.175e-02	5.517e-02	1.258
NR3C2	-0.078	-0.078	0.007	9.943e-01	9.975e-01	0.001	0.030	-0.064	1.758	8.133e-02	1.259e-01	0.900
NR4A1	0.464	0.027	8.298	7.011e-15	2.313e-13	12.636	0.331	-0.049	6.094	1.117e-08	1.250e-07	6.903
NR4A2	-0.263	0.084	-1.392	1.654e-01	2.274e-01	0.643	-0.387	0.115	-2.170	3.177e-02	5.517e-02	1.258
NR4A3	1.329	0.157	6.586	4.490e-10	4.939e-09	8.306	0.845	0.291	3.042	3.010e-03	7.258e-03	2.139
NR5A1	0.080	0.021	1.790	7.487e-02	1.137e-01	0.944	0.092	-0.001	2.486	1.423e-02	2.728e-02	1.564
NR5A2	0.245	-0.122	6.119	3.551e-09	3.050e-08	7.516	-0.052	-0.177	1.732	8.579e-02	1.322e-01	0.879
NRF1	-0.118	0.081	-3.863	1.431e-04	4.490e-04	3.348	-0.020	0.086	-2.072	4.019e-02	6.720e-02	1.173
NRIP1	-0.600	-0.084	-4.940	1.522e-06	7.396e-06	5.131	-0.884	-0.150	-5.080	1.532e-06	9.418e-06	5.026
NRL	0.049	-0.003	2.903	4.029e-03	8.682e-03	2.061	0.075	0.005	3.348	1.041e-03	2.901e-03	2.537
NUPR1	0.570	0.360	2.261	2.472e-02	4.259e-02	1.371	0.338	0.059	3.130	2.164e-03	5.493e-03	2.260
ONECUT1	-0.252	-0.227	-0.386	7.001e-01	7.555e-01	0.122	0.147	-0.003	2.119	3.578e-02	6.105e-02	1.214
ONECUT2	0.641	0.241	3.303	1.080e-03	2.720e-03	2.565	0.230	0.172	0.445	6.566e-01	7.210e-01	0.142
OTX1	0.498	0.115	6.241	2.202e-09	2.061e-08	7.686	0.438	0.202	3.308	1.229e-03	3.336e-03	2.477
OTX2	0.076	0.067	0.248	8.046e-01	8.450e-01	0.073	0.068	0.099	-0.867	3.872e-01	4.687e-01	0.329
PA2G4	0.091	-0.003	1.349	1.784e-01	2.427e-01	0.615	0.147	0.087	0.382	7.033e-01	7.669e-01	0.115
PARP1	-0.253	-0.045	-6.276	1.387e-09	1.380e-08	7.860	0.014	0.012	0.063	9.495e-01	9.603e-01	0.018
PAWR	0.601	0.031	7.532	1.231e-12	2.412e-11	10.618	0.298	0.058	2.742	6.953e-03	1.488e-02	1.827
PAX2	-0.450	-0.009	-3.491	5.793e-04	1.586e-03	2.800	0.667	0.028	4.559	1.365e-05	6.484e-05	4.188
PAX3	0.004	-0.018	0.313	7.547e-01	8.007e-01	0.097	0.072	0.029	0.699	4.860e-01	5.633e-01	0.249
PAX4	-0.110	0.149	-2.870	4.403e-03	9.358e-03	2.029	-0.542	0.066	-4.645	8.253e-06	4.158e-05	4.381
PAX5	0.197	0.100	3.225	1.425e-03	3.477e-03	2.459	0.034	-0.007	1.307	1.935e-01	2.625e-01	0.581
PAX6	-0.026	-0.045	0.323	7.470e-01	7.938e-01	0.100	-0.071	-0.058	-0.226	8.212e-01	8.581e-01	0.066
PAX8	-0.158	-0.077	-1.773	7.755e-02	1.163e-01	0.934	0.043	-0.005	1.125	2.626e-01	3.385e-01	0.470
PBX1	-0.354	-0.067	-5.337	2.291e-07	1.330e-06	5.876	-0.220	-0.072	-2.410	1.744e-02	3.264e-02	1.486
PBX2	-0.026	-0.111	0.757	4.499e-01	5.224e-01	0.282	-0.026	0.098	-0.903	3.681e-01	4.481e-01	0.349
PCBD1	0.685	-0.085	4.692	4.119e-06	1.832e-05	4.737	-0.241	-0.198	-0.186	8.528e-01	8.853e-01	0.053
PCGF2	0.062	0.044	0.453	6.509e-01	7.048e-01	0.152	-0.024	0.022	-1.039	3.005e-01	3.784e-01	0.422
PDX1	0.041	-0.056	1.957	5.117e-02	8.001e-02	1.097	0.145	-0.044	2.880	4.668e-03	1.080e-02	1.967
PER1	-0.318	-0.028	-5.306	2.204e-07	1.291e-06	5.889	-0.058	0.044	-1.607	1.106e-01	1.643e-01	0.784
PER2	-0.559	0.011	-4.341	1.936e-05	7.140e-05	4.146	-0.506	0.207	-3.243	1.539e-03	4.073e-03	2.390
PGR	-0.218	-0.013	-6.380	9.164e-10	9.577e-09	8.019	-0.013	0.069	-1.902	6.003e-02	9.601e-02	1.018
PHB2	-0.832	-0.252	-6.598	2.789e-10	3.180e-09	8.498	-0.630	-0.069	-6.280	5.170e-09	6.754e-08	7.170
PHOX2A	-0.034	-0.085	1.020	3.086e-01	3.847e-01	0.415	0.069	0.076	-0.136	8.918e-01	9.137e-01	0.039
PHOX2B	0.159	-0.047	3.456	6.566e-04	1.767e-03	2.753	-0.051	-0.079	0.448	6.548e-01	7.203e-01	0.142
PIAS1	0.272	0.018	3.745	2.258e-04	6.741e-04	3.171	0.692	-0.006	6.625	1.131e-09	1.649e-08	7.783
PIAS2	-0.013	0.086	-1.498	1.357e-01	1.899e-01	0.722	0.078	0.066	0.176	8.607e-01	8.920e-01	0.050
PIAS3	-0.782	-0.160	-7.254	9.296e-12	1.501e-10	9.824	-0.695	-0.231	-4.186	5.406e-05	2.260e-04	3.646
PIAS4	-0.463	-0.011	-3.574	4.581e-04	1.300e-03	2.886	-0.425	-0.370	-0.376	7.077e-01	7.704e-01	0.113
PITX1	-0.185	0.005	-6.054	5.208e-09	4.032e-08	7.395	-0.287	-0.062	-5.450	2.682e-07	1.869e-06	5.728
PITX2	-0.225	0.090	-6.844	6.335e-11	8.107e-10	9.091	-0.281	-0.091	-3.548	5.599e-04	1.640e-03	2.785
PITX3	0.145	0.001	2.889	4.266e-03	9.098e-03	2.041	0.100	0.069	0.529	5.975e-01	6.701e-01	0.174
PKNOX1	0.034	0.069	-0.611	5.417e-01	6.033e-01	0.219	0.546	0.168	5.124	1.214e-06	7.610e-06	5.119
PLAG1	-0.265	-0.263	-0.021	9.832e-01	9.895e-01	0.005	0.030	-0.091	1.171	2.436e-01	3.222e-01	0.492
PLAGL1	0.198	-0.006	4.085	6.237e-05	2.091e-04	3.680	0.255	0.065	3.344	1.087e-03	2.989e-03	2.524
PLAGL2	0.255	0.111	1.991	4.751e-02	7.504e-02	1.125	0.146	-0.002	2.004	4.692e-02	7.662e-02	1.116
PML	0.083	0.088	-0.139	8.893e-01	9.141e-01	0.039	0.237	0.063	6.095	8.345e-09	1.026e-07	6.989
POLR1A	0.806	0.177	8.426	1.351e-14	3.682e-13	12.434	0.820	0.125	7.187	1.448e-10	2.929e-09	8.533
POU1F1	0.022	0.082	-1.718	8.699e-02	1.278e-01	0.893	0.135	-0.031	3.215	1.638e-03	4.316e-03	2.365
POU2AF1	-0.588	-0.267	-3.190	1.607e-03	3.876e-03	2.412	-0.781	-0.376	-3.355	1.086e-03	2.989e-03	2.524
POU2F1	-0.148	-0.112	-0.990	3.238e-01	3.980e-01	0.400	-0.285	-0.058	-7.692	5.421e-12	1.700e-10	9.770
POU2F2	-1.250	-0.480	-5.176	5.685e-07	2.971e-06	5.527	-1.434	-0.282	-6.276	1.010e-08	1.158e-07	6.936
POU3F2	-0.260	-0.056	-5.360	1.584e-07	9.548e-07	6.020	-0.084	0.084	-3.431	7.810e-04	2.246e-03	2.649
POU4F1	-1.281	-0.387	-7.982	1.716e-13	3.844e-12	11.415	-0.971	-0.139	-7.445	1.845e-11	5.257e-10	9.279
POU4F2	-1.380	-0.412	-5.893	2.086e-08	1.437e-07	6.843	-1.071	-0.078	-7.902	9.977e-13	3.475e-11	10.459
POU5F1	-0.024	-0.066	0.887	3.762e-01	4.536e-01	0.343	0.069	-0.025	1.868	6.372e-02	1.017e-01	0.993
PPARA	-0.137	0.004	-4.028	7.239e-05	2.414e-04	3.617	-0.259	-0.060	-5.514	1.553e-07	1.173e-06	5.931
PPARD	-0.107	0.112	-3.998	8.373e-05	2.778e-04	3.556	0.134	0.038	1.660	9.935e-02	1.501e-01	0.824
PPARG	0.034	0.053	-0.847	3.980e-01	4.735e-01	0.325	0.112	0.037	3.060	2.771e-03	6.786e-03	2.168
PPARGC1A	0.191	-0.096	4.466	1.145e-05	4.573e-05	4.340	0.011	-0.057	0.833	4.066e-01	4.884e-01	0.311
PRDM1	0.066	-0.246	4.165	4.111e-05	1.424e-04	3.846	0.641	-0.007	4.824	5.111e-06	2.762e-05	4.559
PROX1	0.067	0.050	0.464	6.433e-01	6.979e-01	0.156	0.105	0.023	1.639	1.038e-01	1.557e-01	0.808
PTMA	0.594	-0.119	3.426	7.164e-04	1.895e-03	2.722	0.592	-0.051	2.268	2.501e-02	4.468e-02	1.350
PTTG1	-0.296	-0.048	-4.837	2.746e-06	1.285e-05	4.891	-0.372	-0.140	-4.568	1.262e-05	6.135e-05	4.212
PURA	0.444	-0.001	4.676	5.162e-06	2.274e-05	4.643	0.835	0.060	6.446	2.015e-09	2.808e-08	7.552
RAD51	-0.384	-0.106	-4.551	8.353e-06	3.539e-05	4.451	-0.447	-0.042	-6.372	2.597e-09	3.540e-08	7.451
RARA	0.035	-0.011	1.357	1.761e-01	2.400e-01	0.620	-0.075	-0.074	-0.031	9.755e-01	9.818e-01	0.008
RARB	-0.012	-0.037	0.671	5.026e-01	5.682e-01	0.245	0.093	0.018	2.015	4.591e-02	7.516e-02	1.124
RARG	0.187	0.016	1.542	1.242e-01	1.755e-01	0.756	0.125	0.059	0.729	4.670e-01	5.452e-01	0.263
RB1	0.339	0.068	6.540	5.012e-10	5.418e-09	8.266	0.485	0.050	8.678	5.760e-14	2.778e-12	11.556
RB1CC1	-0.051	-0.180	2.499	1.312e-02	2.483e-02	1.605	-0.129	-0.110	-0.311	7.567e-01	8.110e-01	0.091
RBBP7	-0.533	0.087	-4.348	1.919e-05	7.140e-05	4.146	-0.784	-0.142	-4.171	5.559e-05	2.263e-04	3.645
RBL1	1.464	0.365	11.274	9.204e-23	2.886e-20	19.540	1.318	0.211	10.089	7.547e-17	1.618e-14	13.791
RBL2	1.118	0.177	10.480	3.939e-21	6.174e-19	18.209	1.091	0.231	8.204	7.412e-13	2.734e-11	10.563
RBMX	0.233	0.084	1.934	5.469e-02	8.530e-02	1.069	0.502	0.080	3.979	1.317e-04	4.856e-04	3.314
RBPJ	-0.076	0.012	-1.008	3.145e-01	3.890e-01	0.410	-0.006	0.042	-0.533	5.951e-01	6.687e-01	0.175
REL	0.301	0.144	2.785	5.843e-03	1.209e-02	1.918	0.078	-0.048	2.455	1.526e-02	2.899e-02	1.538
RELA	-0.043	-0.024	-1.539	1.254e-01	1.767e-01	0.753	-0.041	-0.038	-0.236	8.139e-01	8.548e-01	0.068
RELB	-0.262	0.024	-2.803	5.430e-03	1.135e-02	1.945	-0.307	0.043	-3.036	2.897e-03	7.013e-03	2.154
REST	0.107	0.051	2.197	2.899e-02	4.899e-02	1.310	0.094	0.007	3.118	2.253e-03	5.697e-03	2.244
RFWD2	-0.325	0.102	-2.172	3.101e-02	5.171e-02	1.286	-0.429	0.042	-2.784	6.171e-03	1.339e-02	1.873
RFX1	0.301	-0.119	4.556	9.202e-06	3.821e-05	4.418	0.932	-0.061	7.024	2.271e-10	4.068e-09	8.391
RFX3	-0.251	-0.081	-2.917	3.933e-03	8.503e-03	2.070	-0.244	-0.081	-3.410	8.454e-04	2.420e-03	2.616
RFX5	-0.065	0.253	-1.469	1.431e-01	1.998e-01	0.699	0.450	0.814	-1.243	2.162e-01	2.891e-01	0.539
RNF14	-1.479	-0.437	-4.112	6.101e-05	2.057e-04	3.687	-1.170	-0.016	-6.050	1.216e-08	1.336e-07	6.874
RREB1	-0.530	-0.154	-3.279	1.192e-03	2.943e-03	2.531	-0.507	-0.026	-3.088	2.500e-03	6.157e-03	2.211
RUNX1	0.221	0.062	5.883	1.604e-08	1.156e-07	6.937	0.136	0.010	4.283	3.681e-05	1.637e-04	3.786
RUNX2	0.375	-0.004	6.471	4.117e-10	4.610e-09	8.336	0.517	-0.079	5.582	1.547e-07	1.173e-06	5.931
RUNX3	0.081	0.093	-0.352	7.249e-01	7.730e-01	0.112	0.191	0.026	4.927	3.036e-06	1.813e-05	4.742
RUVBL1	-0.450	-0.009	-3.491	5.793e-04	1.586e-03	2.800	0.667	0.028	4.559	1.365e-05	6.484e-05	4.188
RXRA	-0.063	-0.093	0.715	4.754e-01	5.429e-01	0.265	0.006	-0.054	1.147	2.534e-01	3.315e-01	0.479
SALL3	-0.865	-0.152	-4.743	3.411e-06	1.561e-05	4.807	-0.744	-0.136	-3.828	1.848e-04	6.402e-04	3.194
SALL4	-0.380	-0.047	-5.661	4.028e-08	2.687e-07	6.571	-0.327	-0.046	-4.195	5.259e-05	2.213e-04	3.655
SALL4A	-0.096	0.333	-2.993	3.023e-03	6.817e-03	2.166	-0.173	0.372	-2.832	5.404e-03	1.206e-02	1.919
SATB1	-0.501	-0.152	-9.352	3.022e-18	2.369e-16	15.625	-0.411	-0.081	-7.100	8.444e-11	2.036e-09	8.691
SATB2	-0.155	-0.024	-2.352	1.933e-02	3.414e-02	1.467	-0.099	0.125	-2.936	3.971e-03	9.290e-03	2.032
SERTAD1	-0.771	0.024	-5.583	6.980e-08	4.420e-07	6.355	-1.196	-0.318	-5.404	3.420e-07	2.312e-06	5.636
SETBP1	-0.117	-0.030	-0.866	3.872e-01	4.634e-01	0.334	1.074	0.627	2.900	4.498e-03	1.045e-02	1.981
SF1	0.433	-0.002	8.029	7.429e-14	1.725e-12	11.763	0.354	0.009	5.285	5.516e-07	3.566e-06	5.448
SFPQ	-0.313	-0.028	-5.093	7.669e-07	3.941e-06	5.404	-0.431	-0.148	-4.067	9.002e-05	3.484e-04	3.458
SHOX	-0.073	-0.121	0.491	6.239e-01	6.803e-01	0.167	-0.189	-0.088	-1.011	3.140e-01	3.922e-01	0.406
SIM2	-0.118	-0.080	-0.788	4.318e-01	5.060e-01	0.296	0.110	0.014	1.402	1.624e-01	2.263e-01	0.645
SIN3A	0.138	0.012	1.876	6.194e-02	9.542e-02	1.020	0.157	0.050	1.343	1.819e-01	2.501e-01	0.602
SIRT1	-0.070	-0.038	-1.306	1.927e-01	2.581e-01	0.588	0.033	-0.010	1.549	1.240e-01	1.809e-01	0.743
SIRT2	-0.380	-0.351	-0.296	7.678e-01	8.119e-01	0.091	-0.155	-0.154	-0.004	9.971e-01	9.971e-01	0.001
SIX1	-0.285	0.045	-3.294	1.128e-03	2.818e-03	2.550	-0.157	-0.045	-1.063	2.898e-01	3.679e-01	0.434
SKI	0.409	0.302	1.465	1.443e-01	2.010e-01	0.697	-0.180	0.040	-2.356	2.036e-02	3.710e-02	1.431
SKIL	0.104	0.163	-0.804	4.221e-01	4.965e-01	0.304	0.018	0.041	-0.264	7.925e-01	8.431e-01	0.074
SLC2A4RG	-0.022	-0.042	0.844	3.992e-01	4.741e-01	0.324	0.230	0.023	5.638	1.003e-07	7.962e-07	6.099
SMAD3	-0.054	0.029	-2.115	3.546e-02	5.820e-02	1.235	-0.111	-0.010	-2.345	2.077e-02	3.775e-02	1.423
SMAD4	0.133	0.158	-0.465	6.427e-01	6.979e-01	0.156	-0.117	0.026	-2.245	2.668e-02	4.712e-02	1.327
SMAD7	0.091	0.035	0.917	3.603e-01	4.386e-01	0.358	-0.090	0.070	-2.060	4.207e-02	6.978e-02	1.156
SMARCA1	0.063	-0.111	2.353	1.913e-02	3.389e-02	1.470	-0.424	-0.454	0.261	7.947e-01	8.431e-01	0.074
SMARCA4	0.401	0.133	4.464	1.275e-05	4.995e-05	4.302	0.233	-0.068	4.315	3.313e-05	1.494e-04	3.826
SMARCB1	0.063	-0.111	2.353	1.913e-02	3.389e-02	1.470	-0.424	-0.454	0.261	7.947e-01	8.431e-01	0.074
SMURF2	-0.702	-0.111	-4.594	6.750e-06	2.899e-05	4.538	-0.779	0.112	-4.458	2.070e-05	9.545e-05	4.020
SNAI1	-0.267	0.072	-5.240	3.543e-07	1.964e-06	5.707	-0.445	-0.121	-4.188	5.510e-05	2.263e-04	3.645
SNAI2	-0.225	-0.083	-2.797	5.557e-03	1.158e-02	1.936	-0.196	-0.070	-1.991	4.869e-02	7.909e-02	1.102
SND1	-0.739	-0.368	-2.402	1.714e-02	3.106e-02	1.508	-0.307	0.018	-1.746	8.343e-02	1.288e-01	0.890
SOX10	-0.031	-0.007	-0.689	4.915e-01	5.582e-01	0.253	-0.085	0.013	-3.315	1.142e-03	3.127e-03	2.505
SOX11	-0.192	-0.030	-2.792	5.609e-03	1.164e-02	1.934	-0.001	-0.023	0.343	7.323e-01	7.903e-01	0.102
SOX17	-0.070	-0.016	-1.032	3.036e-01	3.792e-01	0.421	-0.000	0.067	-1.377	1.710e-01	2.361e-01	0.627
SOX2	-0.071	-0.015	-1.557	1.211e-01	1.718e-01	0.765	0.048	0.015	0.959	3.393e-01	4.188e-01	0.378
SOX4	0.402	0.016	4.976	1.361e-06	6.722e-06	5.173	0.169	-0.043	2.467	1.487e-02	2.843e-02	1.546
SOX6	1.050	0.340	8.707	1.255e-15	4.373e-14	13.359	0.869	0.130	9.450	2.612e-16	2.339e-14	13.631
SOX9	-0.029	-0.009	-1.003	3.167e-01	3.908e-01	0.408	-0.033	0.007	-2.065	4.095e-02	6.829e-02	1.166
SP1	-0.047	-0.031	-1.562	1.199e-01	1.704e-01	0.768	-0.060	-0.013	-3.992	1.097e-04	4.118e-04	3.385
SP100	0.122	0.205	-0.665	5.068e-01	5.695e-01	0.245	-0.247	0.123	-2.598	1.020e-02	2.068e-02	1.684
SP2	-0.007	0.278	-3.394	7.971e-04	2.065e-03	2.685	-0.146	0.063	-2.094	3.830e-02	6.438e-02	1.191
SP3	-0.077	-0.018	-3.405	7.825e-04	2.044e-03	2.689	-0.003	0.017	-1.042	2.998e-01	3.782e-01	0.422
SP4	0.368	0.103	5.507	9.145e-08	5.677e-07	6.246	0.151	0.053	1.685	9.464e-02	1.437e-01	0.843
SP7	0.161	0.005	2.291	2.283e-02	3.954e-02	1.403	-0.157	-0.074	-1.146	2.538e-01	3.315e-01	0.479
SPDEF	0.585	0.063	7.270	6.023e-12	1.049e-10	9.979	0.418	0.080	3.578	5.061e-04	1.518e-03	2.819
SPEN	0.651	0.090	8.060	2.563e-14	6.696e-13	12.174	0.468	0.027	4.825	4.250e-06	2.379e-05	4.624
SPI1	0.045	-0.009	1.806	7.218e-02	1.101e-01	0.958	0.128	-0.029	3.985	1.077e-04	4.069e-04	3.390
SPIB	0.086	-0.033	1.198	2.322e-01	3.052e-01	0.515	-0.351	-0.203	-1.284	2.011e-01	2.711e-01	0.567
SPIC	-0.209	-0.187	-0.526	5.994e-01	6.594e-01	0.181	-0.110	-0.099	-0.245	8.072e-01	8.514e-01	0.070
SRCAP	0.481	0.146	2.946	3.525e-03	7.728e-03	2.112	0.456	0.018	2.813	5.729e-03	1.265e-02	1.898
SREBF1	-0.042	0.032	-1.877	6.150e-02	9.497e-02	1.022	-0.264	0.074	-5.718	8.333e-08	6.786e-07	6.168
SREBF2	-0.127	-0.014	-3.622	3.651e-04	1.055e-03	2.977	-0.175	-0.065	-3.439	7.768e-04	2.245e-03	2.649
SRF	-0.163	-0.106	-1.077	2.828e-01	3.589e-01	0.445	-0.441	-0.106	-4.903	3.406e-06	1.977e-05	4.704
SRSF1	0.138	0.002	1.335	1.830e-01	2.473e-01	0.607	0.415	0.003	3.155	2.018e-03	5.207e-03	2.283
SRY	-0.022	-0.029	0.056	9.553e-01	9.677e-01	0.014	0.147	-0.076	1.601	1.120e-01	1.661e-01	0.780
SSB	-0.534	-0.063	-5.795	1.820e-08	1.297e-07	6.887	-0.027	0.159	-2.122	3.553e-02	6.105e-02	1.214
STAT1	0.152	0.080	3.393	8.102e-04	2.082e-03	2.682	0.085	0.022	2.737	7.181e-03	1.529e-02	1.816
STAT2	0.113	0.102	0.171	8.647e-01	8.947e-01	0.048	-0.573	-0.223	-3.623	4.423e-04	1.397e-03	2.855
STAT3	0.018	0.018	-0.003	9.975e-01	9.991e-01	0.000	-0.037	-0.029	-0.592	5.546e-01	6.300e-01	0.201
STAT4	-0.038	0.216	-3.862	1.470e-04	4.586e-04	3.339	-0.829	-0.194	-5.841	7.330e-08	6.128e-07	6.213
STAT5	-0.765	-0.245	-3.654	3.098e-04	9.119e-04	3.040	-1.056	-0.492	-3.353	1.045e-03	2.901e-03	2.537
STAT5A	-0.290	-0.064	-4.407	1.583e-05	6.091e-05	4.215	-0.408	-0.060	-6.125	9.525e-09	1.137e-07	6.944
STAT5B	-0.118	-0.101	-0.245	8.068e-01	8.459e-01	0.073	-0.299	-0.166	-1.654	1.004e-01	1.510e-01	0.821
STAT6	0.108	-0.040	4.756	3.736e-06	1.685e-05	4.773	-0.126	-0.116	-0.249	8.037e-01	8.498e-01	0.071
SUGP1	0.650	-0.075	4.421	1.383e-05	5.352e-05	4.271	0.218	-0.260	2.788	6.043e-03	1.320e-02	1.879
SUPT3H	-0.269	-0.315	0.371	7.109e-01	7.632e-01	0.117	0.423	0.124	2.539	1.214e-02	2.386e-02	1.622
SUZ12	-0.559	0.011	-4.341	1.936e-05	7.140e-05	4.146	-0.506	0.207	-3.243	1.539e-03	4.073e-03	2.390
TAF1	0.962	0.643	2.562	1.116e-02	2.153e-02	1.667	0.542	0.170	3.148	2.111e-03	5.402e-03	2.267
TAF4	-0.059	0.026	-2.849	4.684e-03	9.922e-03	2.003	-0.036	-0.039	0.093	9.259e-01	9.425e-01	0.026
TAL1	-0.168	-0.056	-2.413	1.656e-02	3.028e-02	1.519	0.179	0.028	2.790	6.107e-03	1.330e-02	1.876
TBP	0.183	-0.037	4.918	1.655e-06	7.920e-06	5.101	0.081	0.027	0.934	3.519e-01	4.327e-01	0.364
TBPL1	-0.007	-0.088	2.161	3.171e-02	5.269e-02	1.278	-0.067	-0.084	0.350	7.269e-01	7.860e-01	0.105
TBX2	-1.015	-0.502	-4.643	5.493e-06	2.375e-05	4.624	-0.171	0.115	-2.118	3.601e-02	6.105e-02	1.214
TBX21	-0.054	-0.009	-1.904	5.797e-02	8.996e-02	1.046	-0.131	-0.017	-3.874	1.714e-04	6.031e-04	3.220
TBX3	-1.015	-0.502	-4.643	5.493e-06	2.375e-05	4.624	-0.171	0.115	-2.118	3.601e-02	6.105e-02	1.214
TBX5	0.020	-0.074	2.124	3.451e-02	5.678e-02	1.246	-0.160	-0.185	0.396	6.924e-01	7.563e-01	0.121
TCF12	-0.533	0.087	-4.348	1.919e-05	7.140e-05	4.146	-0.784	-0.142	-4.171	5.559e-05	2.263e-04	3.645
TCF19	1.140	0.321	6.937	3.696e-11	4.930e-10	9.307	1.162	0.340	5.765	7.471e-08	6.163e-07	6.210
TCF3	0.474	0.240	5.284	3.003e-07	1.727e-06	5.763	0.249	0.094	3.515	6.156e-04	1.787e-03	2.748
TCF4	-0.266	-0.172	-2.229	2.696e-02	4.619e-02	1.335	-0.261	-0.075	-3.322	1.239e-03	3.348e-03	2.475
TCF7L2	-0.964	-0.294	-7.858	2.171e-13	4.694e-12	11.328	-1.280	-0.271	-8.572	1.393e-13	5.822e-12	11.235
TCFL5	0.561	0.148	3.075	2.338e-03	5.389e-03	2.269	0.359	0.011	2.040	4.368e-02	7.227e-02	1.141
TEAD1	0.370	0.017	3.213	1.492e-03	3.626e-03	2.441	0.200	-0.049	1.848	6.704e-02	1.064e-01	0.973
TEAD4	-0.889	0.187	-6.105	3.234e-09	2.816e-08	7.550	-0.805	0.234	-4.204	5.026e-05	2.144e-04	3.669
TEF	0.183	-0.364	2.337	2.017e-02	3.523e-02	1.453	0.389	-0.435	2.611	1.007e-02	2.068e-02	1.684
TFAP2A	0.077	-0.043	5.660	4.484e-08	2.929e-07	6.533	-0.011	-0.023	0.536	5.925e-01	6.670e-01	0.176
TFAP2B	0.302	-0.115	3.310	1.094e-03	2.744e-03	2.562	-0.121	0.034	-1.078	2.829e-01	3.605e-01	0.443
TFAP2C	0.103	-0.110	2.641	8.839e-03	1.748e-02	1.757	0.005	-0.031	0.486	6.275e-01	6.989e-01	0.156
TFAP4	0.495	0.269	3.583	4.214e-04	1.201e-03	2.920	0.306	0.057	3.941	1.369e-04	5.019e-04	3.299
TFCP2	0.364	-0.031	3.183	1.688e-03	4.035e-03	2.394	0.043	0.059	-0.104	9.174e-01	9.353e-01	0.029
TFDP1	-1.249	-0.308	-10.455	3.614e-20	4.532e-18	17.344	-1.240	-0.234	-8.837	5.021e-14	2.623e-12	11.581
TFDP3	0.762	0.367	3.480	5.975e-04	1.622e-03	2.790	0.732	0.181	4.277	3.732e-05	1.648e-04	3.783
TFPT	0.268	0.115	1.121	2.635e-01	3.386e-01	0.470	0.404	0.173	1.501	1.357e-01	1.957e-01	0.708
TGIF1	0.069	0.124	-0.632	5.278e-01	5.904e-01	0.229	-0.107	0.031	-1.678	9.542e-02	1.445e-01	0.840
THRA	0.157	0.276	-1.133	2.584e-01	3.327e-01	0.478	0.398	0.015	3.133	2.106e-03	5.402e-03	2.267
THRB	-0.301	0.297	-3.619	3.547e-04	1.030e-03	2.987	0.184	0.387	-1.156	2.497e-01	3.278e-01	0.484
TLE3	-0.119	0.127	-6.042	4.512e-09	3.627e-08	7.441	-0.223	-0.096	-2.553	1.191e-02	2.356e-02	1.628
TLX1	0.436	0.163	2.505	1.318e-02	2.483e-02	1.605	-1.048	-0.235	-5.157	1.522e-06	9.418e-06	5.026
TNFAIP3	-0.364	-0.063	-4.956	1.519e-06	7.396e-06	5.131	-0.257	-0.078	-2.809	5.811e-03	1.279e-02	1.893
TOB1	0.101	0.178	-1.452	1.479e-01	2.057e-01	0.687	-0.023	0.103	-2.001	4.752e-02	7.740e-02	1.111
TOP2B	0.070	-0.135	5.180	4.047e-07	2.187e-06	5.660	0.172	0.088	1.693	9.290e-02	1.414e-01	0.850
TP53	0.283	0.082	9.594	8.870e-18	5.561e-16	15.255	0.251	0.031	8.994	9.843e-15	6.857e-13	12.164
TP53BP1	-1.464	-0.308	-9.434	1.232e-17	5.941e-16	15.226	-1.547	-0.296	-9.936	8.254e-17	1.618e-14	13.791
TP63	0.137	0.106	0.495	6.207e-01	6.781e-01	0.169	0.224	0.023	2.539	1.241e-02	2.424e-02	1.615
TP73	0.257	0.430	-2.033	4.341e-02	6.961e-02	1.157	0.171	0.089	0.996	3.216e-01	4.009e-01	0.397
TRAF6	-0.889	0.187	-6.105	3.234e-09	2.816e-08	7.550	-0.805	0.234	-4.204	5.026e-05	2.144e-04	3.669
TRERF1	-0.195	-0.043	-2.721	6.882e-03	1.401e-02	1.854	-0.079	0.082	-2.645	9.076e-03	1.884e-02	1.725
TRIB3	-0.785	0.008	-5.005	1.242e-06	6.229e-06	5.206	-0.157	-0.003	-1.063	2.899e-01	3.679e-01	0.434
TRIM16	0.103	-0.013	2.412	1.680e-02	3.053e-02	1.515	-0.537	-0.104	-4.570	9.859e-06	4.867e-05	4.313
TRIM28	0.196	0.146	1.105	2.702e-01	3.458e-01	0.461	0.260	0.111	2.467	1.507e-02	2.872e-02	1.542
TRPS1	0.021	0.008	0.566	5.722e-01	6.350e-01	0.197	0.058	0.031	0.912	3.636e-01	4.445e-01	0.352
TRRAP	-0.196	-0.175	-0.191	8.488e-01	8.811e-01	0.055	-0.248	-0.287	0.350	7.270e-01	7.860e-01	0.105
TSC22D1	-0.400	0.161	-5.056	8.663e-07	4.381e-06	5.358	-0.513	-0.088	-3.399	9.129e-04	2.578e-03	2.589
TSC22D3	-1.078	-0.429	-6.234	3.627e-09	3.073e-08	7.512	-1.263	-0.310	-8.751	3.328e-14	1.897e-12	11.722
TSG101	0.235	-0.018	3.639	3.312e-04	9.703e-04	3.013	0.506	0.160	4.255	4.199e-05	1.828e-04	3.738
TTF2	0.143	0.156	-0.133	8.940e-01	9.174e-01	0.037	0.519	0.076	3.558	5.174e-04	1.532e-03	2.815
TWIST1	0.094	0.059	1.663	9.748e-02	1.411e-01	0.850	-0.108	-0.037	-2.169	3.216e-02	5.570e-02	1.254
TWIST2	0.218	0.061	4.152	4.474e-05	1.525e-04	3.817	0.011	-0.042	1.110	2.692e-01	3.437e-01	0.464
UHRF1	0.474	0.127	4.413	1.653e-05	6.282e-05	4.202	0.217	0.034	2.293	2.367e-02	4.240e-02	1.373
URI1	-0.361	-0.185	-1.692	9.213e-02	1.340e-01	0.873	-0.383	-0.113	-2.525	1.256e-02	2.424e-02	1.615
USF1	-0.023	-0.032	0.528	5.982e-01	6.592e-01	0.181	0.043	0.010	1.553	1.233e-01	1.802e-01	0.744
USF2	0.055	-0.022	3.053	2.533e-03	5.775e-03	2.238	0.078	0.007	2.926	4.037e-03	9.409e-03	2.026
VDR	0.178	0.082	3.496	5.824e-04	1.588e-03	2.799	0.081	0.034	1.394	1.658e-01	2.300e-01	0.638
VEZF1	-0.105	-0.076	-0.725	4.692e-01	5.388e-01	0.269	-0.115	-0.082	-0.756	4.509e-01	5.314e-01	0.275
VHL	0.040	0.076	-0.721	4.716e-01	5.406e-01	0.267	0.153	0.041	2.224	2.781e-02	4.884e-02	1.311
WT1	0.041	-0.012	3.146	1.862e-03	4.406e-03	2.356	0.060	-0.008	3.208	1.664e-03	4.365e-03	2.360
WWP1	-0.254	0.103	-5.778	2.078e-08	1.437e-07	6.843	-0.436	0.042	-6.627	5.111e-10	8.011e-09	8.096
WWTR1	-0.080	-0.090	0.143	8.862e-01	9.139e-01	0.039	0.057	-0.150	2.846	5.235e-03	1.177e-02	1.929
XBP1	-0.361	-0.214	-2.501	1.319e-02	2.483e-02	1.605	-0.243	-0.112	-2.560	1.151e-02	2.290e-02	1.640
XPC	0.102	0.084	0.374	7.087e-01	7.622e-01	0.118	0.180	-0.003	3.558	5.165e-04	1.532e-03	2.815
XRCC5	0.122	0.205	-0.665	5.068e-01	5.695e-01	0.245	-0.247	0.123	-2.598	1.020e-02	2.068e-02	1.684
YBX1	0.307	0.081	5.548	9.482e-08	5.829e-07	6.234	0.415	0.111	6.333	5.963e-09	7.630e-08	7.117
YEATS4	-0.450	-0.009	-3.491	5.793e-04	1.586e-03	2.800	0.667	0.028	4.559	1.365e-05	6.484e-05	4.188
YY1	-0.006	0.013	-1.189	2.357e-01	3.079e-01	0.512	-0.008	0.009	-0.976	3.310e-01	4.110e-01	0.386
ZBTB14	0.476	0.405	0.478	6.334e-01	6.895e-01	0.161	-0.705	-0.044	-3.629	4.475e-04	1.403e-03	2.853
ZBTB16	0.548	0.088	5.915	9.825e-09	7.248e-08	7.140	0.665	0.039	7.188	5.763e-11	1.445e-09	8.840
ZBTB17	-1.661	-1.117	-2.449	1.515e-02	2.777e-02	1.556	-0.802	-0.242	-2.613	1.029e-02	2.068e-02	1.684
ZBTB2	-0.458	-0.297	-2.586	1.027e-02	2.006e-02	1.698	0.024	-0.062	1.361	1.760e-01	2.425e-01	0.615
ZBTB5	-1.661	-1.117	-2.449	1.515e-02	2.777e-02	1.556	-0.802	-0.242	-2.613	1.029e-02	2.068e-02	1.684
ZBTB7A	-0.051	-0.109	0.752	4.527e-01	5.237e-01	0.281	0.551	0.121	3.724	3.083e-04	1.001e-03	2.999
ZEB1	-0.343	-0.037	-6.792	7.922e-11	9.934e-10	9.003	-0.342	-0.130	-3.327	1.191e-03	3.245e-03	2.489
ZEB2	-0.429	-0.042	-5.633	4.964e-08	3.176e-07	6.498	-0.122	-0.082	-0.517	6.060e-01	6.773e-01	0.169
ZFHX3	0.472	0.363	1.435	1.526e-01	2.117e-01	0.674	0.126	0.106	0.244	8.079e-01	8.514e-01	0.070
ZFP36	-0.355	-0.045	-6.255	1.754e-09	1.719e-08	7.765	-0.377	0.001	-5.923	3.537e-08	3.412e-07	6.467
ZFP36L1	-0.889	0.187	-6.105	3.234e-09	2.816e-08	7.550	-0.805	0.234	-4.204	5.026e-05	2.144e-04	3.669
ZHX2	1.457	0.434	9.110	7.478e-17	3.349e-15	14.475	1.438	0.354	8.668	8.004e-14	3.585e-12	11.446
ZIC1	0.180	0.040	2.627	9.225e-03	1.813e-02	1.742	0.157	0.125	0.474	6.364e-01	7.038e-01	0.153
ZIC2	0.015	0.052	-0.232	8.164e-01	8.517e-01	0.070	-0.113	0.270	-1.841	6.796e-02	1.068e-01	0.971
ZMYND11	0.303	0.449	-1.010	3.137e-01	3.887e-01	0.410	0.217	0.207	0.067	9.470e-01	9.592e-01	0.018
ZNF143	-0.466	-0.279	-2.163	3.177e-02	5.269e-02	1.278	-0.382	-0.253	-1.660	9.972e-02	1.503e-01	0.823
ZNF148	0.219	-0.029	4.240	3.329e-05	1.173e-04	3.931	-0.594	-0.154	-4.768	5.312e-06	2.823e-05	4.549
ZNF160	2.020	0.642	6.085	6.047e-09	4.624e-08	7.335	0.600	0.059	1.707	9.041e-02	1.379e-01	0.860
ZNF175	0.199	-0.102	3.794	1.860e-04	5.687e-04	3.245	-0.135	-0.084	-0.558	5.781e-01	6.536e-01	0.185
ZNF202	-0.415	-0.080	-4.768	3.244e-06	1.507e-05	4.822	-0.626	-0.210	-5.396	3.429e-07	2.312e-06	5.636
ZNF217	-0.533	0.087	-4.348	1.919e-05	7.140e-05	4.146	-0.784	-0.142	-4.171	5.559e-05	2.263e-04	3.645
ZNF224	-0.034	-0.149	1.237	2.173e-01	2.881e-01	0.541	0.593	0.234	2.795	5.910e-03	1.296e-02	1.888
ZNF239	-0.033	-0.024	-0.252	8.012e-01	8.443e-01	0.074	-0.145	-0.029	-3.078	2.504e-03	6.157e-03	2.211
ZNF24	-0.524	0.032	-5.513	9.606e-08	5.848e-07	6.233	-0.385	0.162	-4.616	9.610e-06	4.782e-05	4.320
ZNF267	-0.058	0.141	-1.178	2.398e-01	3.113e-01	0.507	-0.666	0.023	-2.986	3.387e-03	8.075e-03	2.093
ZNF300	-0.558	-0.220	-3.140	1.948e-03	4.573e-03	2.340	-0.848	-0.150	-5.872	5.333e-08	4.846e-07	6.315
ZNF350	0.570	-0.023	4.455	1.642e-05	6.276e-05	4.202	0.595	0.161	4.678	7.901e-06	4.028e-05	4.395
ZNF382	0.079	-0.046	2.524	1.234e-02	2.344e-02	1.630	0.510	0.122	5.596	1.342e-07	1.039e-06	5.983
ZNF383	-1.114	-0.198	-5.435	1.728e-07	1.032e-06	5.986	-0.737	-0.160	-4.808	4.491e-06	2.492e-05	4.603
ZNF444	-0.142	-0.080	-0.806	4.214e-01	4.965e-01	0.304	0.103	-0.020	1.446	1.505e-01	2.110e-01	0.676
ZNF76	-0.889	-0.597	-2.568	1.092e-02	2.121e-02	1.674	-0.506	-0.172	-3.168	1.994e-03	5.167e-03	2.287
ZNRD1	-0.212	-0.215	0.033	9.734e-01	9.813e-01	0.008	-0.024	0.026	-0.664	5.079e-01	5.854e-01	0.233
